200 5000
189 163 7279 16216
47 11 41332 43296
105 38 9418 92505
54 56 9198 91660
124 114 34525 97036
132 165 45351 96933
190 183 45197 59678
7 190 1148 73108
104 123 44102 65178
85 25 4142 91177
63 33 2592 13559
41 170 119 3665
36 52 39087 48040
168 172 3773 41318
107 147 4855 5906
88 13 10391 68964
88 93 1236 4492
118 20 21980 96265
53 175 4657 16447
145 111 19180 61456
114 95 22200 31498
19 167 41477 94838
113 143 34368 42941
108 57 30795 75342
149 33 20418 89270
53 135 20257 58749
109 147 25805 84549
57 156 9675 11336
2 34 9020 65652
152 41 97 496
136 189 12539 36168
197 110 49497 87189
94 58 15898 69915
144 15 23773 36154
162 102 14570 82209
57 145 33879 46092
130 95 3701 46630
136 78 48871 88649
18 17 3799 5265
126 5 17069 43510
14 176 29958 59917
191 22 27704 86362
124 122 32532 92273
18 165 1257 3790
59 20 37746 64980
49 28 2122 2968
196 184 5500 13879
188 140 35002 91492
68 160 12592 31311
181 24 7905 38713
145 185 30115 62188
101 177 18512 94013
148 192 12996 72609
172 177 2779 32861
160 91 49900 71240
31 131 601 1253
42 163 27022 67707
138 171 18234 56678
107 65 38816 48348
193 161 32680 40671
104 79 3883 13288
55 149 5367 86794
191 185 12421 55266
67 70 28568 35470
184 128 19177 43681
50 110 9471 22954
126 102 779 916
14 186 2318 3411
64 98 5039 10744
198 137 4789 65437
73 54 41739 83561
123 183 1386 42046
62 78 29912 52778
188 131 20713 58668
184 183 14909 23831
120 193 27207 41114
91 9 38510 48805
97 193 20369 76980
46 141 8679 12107
75 104 3482 41977
181 154 13059 29799
37 66 220 78433
200 63 31919 59969
8 34 38850 70654
42 58 17738 94689
51 69 30998 38106
161 12 27843 27968
67 144 9647 60722
50 73 4325 17367
138 199 3875 18105
13 25 26620 74360
58 13 11845 15469
23 110 30873 65236
130 93 13090 81272
56 39 23322 56628
135 149 14680 49321
173 87 35911 60821
37 77 769 28352
102 111 1559 86221
124 41 1628 15410
150 197 9079 75770
90 41 7977 38520
32 147 39144 42619
48 91 19420 71101
177 73 17061 21682
149 185 33250 63413
96 33 33171 51161
26 170 28575 78068
166 189 1759 4006
181 77 5508 32256
176 26 3741 20729
116 181 40844 84994
53 28 2 61008
12 20 17855 49603
5 163 10492 24381
132 200 11078 19356
188 113 32569 60208
190 63 35317 75132
91 155 27066 36745
198 150 1705 25263
103 27 25505 92177
37 133 46618 76268
114 151 25421 65417
152 157 112 65134
77 75 7010 8926
191 166 3953 23372
120 117 48918 68516
18 131 11920 66674
109 50 46097 87424
134 43 13847 59066
146 35 1509 5620
191 153 31267 96360
179 86 23457 42426
3 198 11823 15201
66 68 10770 38039
150 65 26714 40202
114 177 20400 96507
46 69 6217 96406
117 148 2154 26969
166 99 1250 43666
19 68 40971 96541
189 6 17780 91039
40 140 39993 88844
150 109 292 321
108 44 16232 19131
112 89 45781 62322
36 43 6499 17809
93 26 41912 58945
93 37 31833 82882
42 72 10433 65964
164 7 41265 66777
68 97 37295 38472
141 154 44252 50584
32 30 24192 51252
183 144 47 2017
7 109 24889 70115
94 108 18257 81512
92 75 40668 89416
139 83 18162 57764
161 104 10913 42116
108 109 48891 86354
138 5 22489 23083
148 99 13355 96702
160 16 1050 4595
75 106 4166 82461
133 76 37871 94833
185 71 14500 50852
167 111 25264 28808
2 98 92 5124
121 23 8853 39486
177 45 27123 66190
49 65 48062 63229
30 113 11815 69937
135 47 5136 30763
69 14 22855 45218
77 178 16278 92954
27 29 13105 14313
51 198 29780 80321
195 111 4289 6902
127 82 10100 18856
194 145 20699 38122
143 84 31095 45999
50 169 7972 11397
98 102 8924 57155
130 67 1700 6222
16 143 24175 38511
5 13 53 309
46 164 27966 35038
60 160 8530 20472
195 70 24244 35612
38 160 38335 66121
61 75 332 13610
93 32 18803 44274
174 184 14416 32222
148 130 12066 30860
46 97 8705 64337
107 155 26670 51277
150 67 37871 90030
153 42 9963 77497
184 142 20257 96146
2 71 22575 69392
200 140 21859 55105
85 102 1081 4107
6 67 39264 88580
21 8 27770 82286
74 115 26147 31992
108 41 6246 36893
182 38 21135 75347
108 139 32089 43709
30 13 14466 81117
66 175 14004 18238
41 17 49813 58487
176 172 43602 93935
38 126 8546 54180
118 72 3319 13636
61 135 7575 20033
73 142 25102 67978
106 94 33572 55919
20 156 10813 52795
124 81 26699 60625
5 159 47842 70300
37 79 5171 22739
102 127 22362 80205
61 189 8133 81081
82 58 29022 49586
103 104 10736 25511
11 57 43334 58687
89 111 40693 70032
22 84 754 4887
162 25 29416 68363
151 167 18012 18129
156 162 11837 62895
171 80 11826 53776
135 38 1045 9700
94 186 16479 23678
48 62 1144 3275
145 113 14258 97678
138 41 48840 93673
7 2 3508 3603
115 97 24685 57951
129 126 17743 36510
116 9 14009 76360
146 189 26389 26591
50 18 34138 45614
130 92 39219 73804
132 76 23938 88059
29 61 13315 20052
109 154 19837 80380
31 89 3790 15852
98 11 10395 60155
199 97 43929 45388
66 154 2748 60946
45 149 9976 91966
177 176 92 265
36 68 28897 86252
21 31 39419 48733
71 136 29320 99597
146 103 48097 89715
152 54 11217 65849
7 194 2183 13964
95 82 12823 85778
57 195 23045 59731
62 134 1491 1941
116 25 36143 39886
161 34 9254 24506
89 172 16532 35554
26 154 8832 21408
148 124 38794 82987
5 116 9013 67968
110 98 34207 48409
32 149 26449 29358
126 195 31686 96885
180 191 14965 19143
162 49 20664 49907
2 67 5106 7523
190 61 208 4846
176 13 45838 55110
111 119 5426 38761
19 70 22344 42240
16 125 847 1981
67 76 45180 50263
124 121 1423 11871
187 145 9928 63378
5 23 34580 89673
36 183 12652 46769
53 81 34871 64791
150 182 22765 55167
58 99 33100 33312
8 97 2 94
126 33 12903 81222
160 178 20233 97477
157 64 24101 31367
113 19 35611 39758
37 159 12470 15224
58 87 497 922
60 129 7186 39080
158 5 43931 85538
59 97 18227 34108
129 64 2311 2903
141 15 2851 96417
22 58 15738 45310
168 85 9460 37455
172 128 40231 90608
8 39 1965 55136
195 25 18853 95895
122 2 13979 16891
18 145 18310 59849
112 65 11213 21160
74 69 45042 51742
154 196 35125 82418
76 25 15883 91707
63 195 20057 67848
19 94 43340 55261
96 104 26753 35494
48 94 25511 99974
110 86 584 68643
106 184 5603 11977
132 146 36207 65135
123 42 19185 52089
188 88 2920 5594
134 6 13925 16298
61 143 39274 40845
36 170 27693 32219
55 14 14961 81080
197 8 29880 94971
154 106 20276 82438
99 79 36038 55812
166 157 32568 42643
163 92 37023 79079
34 75 23269 60083
45 54 3469 3766
67 45 4152 19411
53 182 30758 76047
39 84 40489 51033
162 196 24838 26526
153 120 17119 32778
12 9 253 9289
83 124 7927 60218
177 183 36595 62378
179 140 4533 16409
73 55 2111 6540
139 124 10300 76551
120 76 14424 73179
196 109 15759 86690
117 130 1829 2707
53 124 8781 89278
58 7 41437 45375
146 136 109 571
190 111 4122 31081
186 32 2681 14532
59 62 7846 25280
170 121 43238 97764
3 23 1981 24589
146 66 23004 80188
24 114 32577 47792
91 191 39524 71824
22 162 5530 47155
167 50 17683 22571
122 86 17924 32126
108 114 5739 11131
131 70 1506 72609
135 152 35984 82226
65 117 7343 9326
40 99 27346 75202
4 171 25170 67910
20 32 10573 14057
118 134 47025 64817
47 99 43129 46630
168 190 7035 24034
93 60 6510 68238
128 163 27119 96150
13 103 1384 4464
73 125 29458 34985
109 194 25408 26786
127 154 13526 68802
53 184 220 86054
125 40 38770 82474
99 111 45978 95279
25 180 25438 73096
82 111 649 1605
187 190 10895 89198
72 13 15287 40289
138 141 28544 99609
112 85 5938 54983
54 33 9732 23000
10 177 39457 91511
166 144 20990 33367
98 153 30047 63959
200 45 2173 28734
96 147 18752 25914
90 177 15834 25741
114 194 2146 7656
78 65 5788 78642
121 7 7763 9132
176 181 12087 95544
179 143 7865 10731
165 140 7221 10485
87 150 31564 49916
79 8 8144 28000
2 55 13918 34809
72 50 23996 42618
56 101 15984 69983
70 12 8692 37020
75 184 49112 93492
196 178 3972 18213
105 91 11364 49271
35 24 6762 22663
54 86 1272 91445
29 52 31055 35724
35 157 39296 40040
120 59 5946 91208
195 51 2887 5057
180 70 15831 25157
160 28 16002 16292
3 106 15567 31141
188 3 22575 50334
159 173 28430 58630
32 189 27978 84376
39 184 20218 79519
5 76 15321 15854
55 145 2569 24862
65 144 34544 94938
114 78 16647 75499
52 57 23433 57020
39 3 15766 89622
132 60 18133 21549
78 154 204 2029
70 83 13531 91427
44 180 13283 35885
123 174 26908 34804
3 102 7728 18683
110 54 2199 11287
8 60 15204 44065
119 14 11728 15340
167 169 37588 76830
3 8 19446 67470
187 154 31909 69706
80 61 222 297
114 131 6831 10488
136 126 42943 89075
185 139 6119 27281
152 172 47670 63403
92 32 12242 35257
40 127 37378 59692
39 63 35935 66609
97 74 5349 21265
97 200 30323 76909
94 93 10597 13461
147 165 41549 76897
34 189 27843 98133
35 172 1110 46921
101 104 17043 31627
119 187 21625 48273
61 89 36309 74798
40 58 14328 16631
102 43 11200 59458
7 107 17593 69101
47 33 48481 95435
156 107 33256 50710
162 88 20815 45595
75 19 3845 4494
108 43 22860 27347
100 129 97 37584
171 41 7770 7953
99 53 4745 65722
85 108 17192 69577
14 87 46975 50447
174 193 48600 81807
12 100 16325 39638
143 184 30755 31121
64 104 435 58747
97 99 48195 64916
151 37 4387 52940
144 116 10709 71578
154 24 28128 74035
169 41 24790 43079
141 117 11059 24802
52 122 2236 18780
26 126 23074 76502
24 17 4326 71268
112 148 30289 63075
56 28 14492 18665
107 33 794 3483
164 175 33965 58854
161 57 37540 56238
124 15 4325 15066
88 41 9766 17945
167 149 5180 32114
48 140 42855 85319
120 135 18243 40497
167 179 15282 59315
105 120 3949 49246
177 35 9452 78604
50 21 1735 19629
62 173 2276 47244
74 110 29521 87009
1 79 40072 72376
50 131 32564 73202
12 106 46009 83436
122 12 31525 67844
15 45 4557 41546
133 159 2825 8568
138 193 9092 18238
113 190 190 1225
62 189 21511 82663
120 16 38483 70426
121 61 36994 84492
24 87 14439 68519
131 16 12485 35433
174 152 11863 53391
144 180 21921 24408
170 184 44431 96400
125 63 14640 15941
78 118 35351 65126
179 169 2354 72344
192 137 18577 83629
200 154 23542 78928
16 24 5864 11522
32 43 13831 80911
73 35 765 59245
30 75 1838 3482
177 12 17272 56276
166 83 9059 24486
19 66 370 80485
172 13 8611 40264
188 137 19439 31514
179 25 27003 64201
11 198 16821 27767
72 48 45248 93748
60 175 7468 12519
133 28 45170 94174
197 145 3028 4582
83 121 12045 45348
91 126 2091 74173
128 183 8646 58240
175 111 1016 6246
110 105 9311 48697
81 105 31365 85088
132 61 19479 26534
5 67 14440 73092
187 40 22877 76188
117 112 18805 41320
46 159 3533 11842
22 87 7055 22742
143 190 31375 75415
95 103 1778 62740
163 25 40320 97658
44 102 20782 54759
93 98 4622 10011
9 130 15854 97405
40 47 4947 6274
133 168 25676 68096
157 110 26003 73402
12 93 10127 94133
118 142 7777 16798
43 156 10123 14694
53 104 32861 77696
185 52 11555 15066
98 140 44383 84037
107 84 15485 36410
194 11 4717 8570
104 102 533 8835
195 32 38790 80685
139 130 48743 72276
34 123 45170 97955
175 21 3374 4794
160 183 2232 19206
18 167 33019 33632
130 153 26785 50720
6 106 10407 13557
142 76 6257 38674
171 59 28125 98540
29 66 41422 91145
89 56 33047 62956
25 174 25609 55013
136 94 38407 84161
78 167 6460 14313
119 50 200 3130
77 4 43799 91428
62 119 4266 21924
184 20 16985 27664
28 171 15569 25871
96 35 13984 88860
129 21 388 2390
139 54 1913 5544
55 25 4912 9620
28 47 16442 56330
166 5 1119 2683
177 98 14984 29173
69 43 46316 91255
78 67 3711 10299
39 41 36977 64715
94 10 547 3737
35 156 44814 56232
154 113 4926 11255
118 90 13894 57172
187 96 1293 8249
91 55 42720 93323
121 173 48159 78077
13 143 11107 51487
153 23 7387 54807
130 38 32036 68552
150 7 29819 86506
48 29 3434 60064
77 112 3167 66793
167 67 5019 12238
39 66 8384 10998
8 84 11560 72910
59 68 35340 85298
105 50 11406 67375
8 33 4045 7577
61 192 9337 96240
56 32 19174 78855
98 92 2289 82012
157 9 1869 14092
45 153 22255 91476
20 126 18876 57594
127 121 17611 30281
153 9 1645 6140
1 131 6856 83854
115 108 3964 76029
152 40 1028 6252
1 95 39245 64176
47 52 37466 77851
129 44 753 6341
116 174 21020 58140
182 31 45382 79185
161 38 13827 52237
97 65 28600 67791
57 42 2737 12860
89 35 2811 25653
38 103 14166 70953
172 166 35719 46618
185 200 9526 14093
133 6 14286 44358
32 7 8394 12386
158 194 1721 1816
50 104 43454 54004
190 41 33342 63308
159 158 42530 76987
123 4 25447 25993
155 37 9288 66828
42 137 46226 77057
143 194 28101 73999
140 14 21341 55069
69 72 1711 14795
65 54 5767 33152
11 138 29133 70904
142 48 12104 30992
85 19 22278 53135
107 143 8044 18503
137 54 5876 66502
19 122 22088 77216
146 162 41810 71898
16 1 32226 70184
139 87 31632 77711
135 54 17830 25479
72 14 8578 29000
108 55 43844 52979
108 32 10467 16071
106 39 10261 12165
152 14 22967 45260
15 195 19705 85745
81 7 43567 67688
60 118 6 289
83 89 523 25012
186 50 2769 46526
127 31 34444 98247
33 150 18044 84857
69 23 4565 99838
127 119 26766 84371
37 182 32926 86284
16 166 7379 62214
73 94 14599 53909
102 35 2166 17581
78 166 45487 61449
9 117 2683 18509
81 188 19203 97317
184 36 7151 62878
154 43 861 64530
150 2 33410 60154
152 55 47485 93245
154 74 34603 37850
160 58 34221 95919
56 152 18172 61808
154 160 1615 14477
148 106 20901 98240
149 169 10702 38113
123 19 46346 48060
25 56 7511 39110
81 159 2592 7933
169 3 3899 27813
154 20 17260 78596
131 72 45278 91997
177 188 5527 32530
157 195 4418 19279
13 138 40637 89056
145 118 19225 66567
28 51 3409 12817
6 181 44711 87820
200 167 10811 11970
190 118 45318 80360
106 42 8564 33595
36 73 17848 76396
162 3 4198 24836
120 3 11554 13482
5 51 3301 41543
31 114 12583 87073
80 42 20669 97665
160 176 1179 15987
17 133 39852 75230
157 177 21718 57699
179 87 26099 65975
89 8 17705 40246
10 140 20105 47607
6 79 17185 33375
120 191 22493 25706
166 44 44843 48399
176 180 6698 21586
156 37 1340 47201
123 127 4488 33833
86 30 5734 6407
121 13 15126 83640
91 166 38763 70163
156 68 23538 24545
63 144 75 20607
123 193 20879 86073
181 25 48703 78613
151 197 37188 66217
178 23 40498 50035
188 74 17846 21976
191 138 14146 86792
157 137 9492 19371
80 129 1162 1560
121 32 17693 18080
56 44 5633 17755
40 171 27417 69945
67 133 6242 86357
114 148 17106 64731
45 87 19615 94794
57 73 11224 25944
26 16 27058 65599
69 54 2377 40101
11 93 22725 44298
109 195 26327 74590
79 147 46192 82568
94 50 7929 13297
136 90 9144 83257
114 200 46140 87111
167 109 10189 39549
141 163 28773 45783
157 172 13035 96328
70 48 44715 59226
97 75 8460 42005
116 61 18630 33480
12 191 22206 29321
117 165 45382 64869
40 162 8886 8944
115 100 41842 67946
86 15 44711 53441
82 90 40372 49937
26 53 649 10298
34 109 22930 23447
190 98 2200 10974
62 194 8251 48839
155 182 5469 7675
81 20 49366 55063
186 55 34267 60429
144 165 22921 69304
169 1 4402 9426
61 24 19883 28507
121 80 9034 21508
74 147 5892 29787
49 161 7231 29432
78 169 858 92517
188 13 23291 77575
133 143 11110 69244
145 104 32451 60334
83 14 36308 92340
112 78 13391 85687
90 87 10837 38103
149 133 3540 41441
142 28 17396 37230
119 162 4934 40859
72 3 9675 30617
5 123 23427 33010
88 101 8483 18194
130 33 1033 4893
71 148 12110 26891
80 132 33621 75637
159 18 48829 73289
179 147 15290 36790
101 159 18905 95806
81 168 31320 50792
68 137 49750 56470
121 114 6792 88568
61 59 41292 73963
190 151 14830 41265
168 153 13298 62729
99 70 17927 48748
28 153 41060 72903
72 46 42940 88731
41 7 5538 39266
198 126 16730 29418
14 82 34243 43459
34 139 18484 84231
8 130 4388 72482
34 136 16306 95447
134 178 11214 25597
129 37 30722 39874
44 24 11662 77672
87 41 12253 91220
122 30 10307 83185
168 167 28328 95142
96 23 43330 82715
110 161 13843 59635
90 31 10317 40062
67 88 35142 42116
63 187 15651 46475
27 95 12590 20753
76 90 28644 94958
8 99 5861 6971
73 37 9095 13185
149 19 29239 99977
1 191 28755 36361
30 76 24692 79080
63 155 10073 49544
1 97 34676 80693
138 2 27345 79671
53 193 38877 97200
29 184 20940 25011
154 140 738 5168
82 80 33111 84572
155 4 969 57802
110 97 7740 13362
193 6 3019 18889
7 160 35792 44627
104 178 6037 6088
162 50 18115 69214
189 133 2870 58421
12 144 34966 85980
147 133 27608 52287
30 48 44174 95469
53 158 25243 27808
69 34 3932 12022
11 109 3644 6808
110 173 20699 83639
105 11 48068 89920
154 52 18817 49386
184 72 2565 51060
119 81 9723 63091
38 98 22858 54533
83 154 26645 86381
14 189 16225 42169
161 159 35018 69974
169 93 49119 49437
144 22 328 8126
45 138 515 89796
18 86 15655 60237
135 122 37657 38512
14 41 9526 34432
116 145 34289 83492
162 12 37150 60533
85 29 9563 85972
108 168 32855 35100
83 117 19541 25293
123 27 1346 27392
196 19 931 1629
11 61 37126 65742
5 185 10118 87766
148 98 33784 97267
126 190 43585 93346
158 197 4792 99640
65 132 40187 67414
110 6 5589 16924
176 153 4481 9065
165 158 4237 12511
94 28 5441 86190
77 56 8603 89225
198 122 16956 18539
119 178 4683 5650
61 63 12497 34922
68 197 20443 70827
149 92 24065 62180
1 42 31185 33785
69 174 13311 15935
182 111 19179 63900
33 38 30503 70037
16 86 26428 75237
148 110 32968 78950
107 177 31455 53410
20 142 33420 55520
183 56 1628 10266
30 153 8553 19597
63 96 847 97293
85 129 49252 97701
14 138 8113 75680
47 29 16233 41080
5 42 16776 91960
183 31 15329 16548
38 13 27819 96416
165 164 49780 89581
11 73 14496 50626
1 127 10487 13747
16 178 6415 38031
7 110 31163 63919
151 78 49085 64291
60 38 8947 14850
50 17 43367 66068
133 48 33661 43146
121 123 31123 39390
1 89 23151 42991
66 21 2024 65830
139 33 1968 1977
117 188 4400 11018
36 19 8703 74335
185 19 10265 14351
161 23 31303 98005
47 5 239 791
173 8 19790 43009
184 139 2771 13501
123 29 13829 40502
168 71 11555 64509
89 195 47626 70258
13 160 22004 35507
134 111 4561 45427
68 169 24240 55169
193 160 15094 17667
33 189 49286 86025
132 192 18592 67156
146 196 36755 90138
21 102 1954 4066
26 151 15575 19390
83 9 25651 83525
48 101 6992 73827
12 46 29396 61188
186 12 3799 28681
155 188 2301 84108
184 45 48956 55407
146 25 22239 34835
175 25 7257 83080
33 4 11633 82907
57 86 3844 34976
131 164 27660 37816
175 48 45530 90585
188 44 9971 64182
41 140 938 75278
164 113 14891 63061
137 140 21438 22147
96 6 8577 21305
43 33 8125 58971
196 138 23642 33192
186 128 23456 40403
172 184 32062 33695
76 124 4341 13749
36 162 16124 99881
53 180 1548 9445
185 101 36979 51651
85 22 4880 95103
111 46 30952 49754
174 156 32297 59820
92 66 14903 45108
190 8 20625 52957
121 190 887 3101
169 97 17353 57825
197 76 12082 54331
49 185 25569 33313
182 66 10746 29007
174 178 35963 43851
196 110 32937 84983
70 91 47942 69913
80 13 31048 54667
109 92 44258 98400
119 82 4375 6339
18 3 28000 67677
21 35 3118 5906
165 157 32810 45658
18 192 18879 48896
82 160 24762 66229
173 47 10081 55809
138 161 2290 4338
194 28 7212 95526
31 155 596 1563
189 68 43505 99796
176 5 114 9464
196 111 9981 29632
71 60 10703 34838
59 199 16748 44475
159 165 6536 19956
192 81 41574 57115
35 77 16688 46376
145 171 6072 63832
175 96 552 1065
158 97 19169 43199
108 188 7698 24974
186 1 2092 7914
165 69 4628 28848
101 162 21088 51082
39 9 27135 91415
180 46 34306 83206
93 23 16319 17428
182 26 7508 71365
144 151 40857 59660
46 24 27636 35077
83 177 37564 82855
16 45 23630 51373
179 104 3528 45228
161 120 12140 71158
122 28 31616 39117
6 82 10019 22115
32 174 1277 99557
122 31 32622 45761
147 177 519 91220
158 150 39269 44574
85 86 36595 69657
26 130 40542 55422
185 27 159 1023
175 6 6731 70224
35 124 5496 7715
155 76 39701 96483
4 102 15761 56571
3 96 31687 95298
181 106 8206 84633
35 55 17900 48748
81 122 5390 37822
80 198 17666 51490
121 5 2457 16773
32 55 3360 49975
108 97 49910 58947
192 196 14241 47948
101 181 748 5378
59 67 38480 52951
26 30 6468 62877
47 198 611 15672
24 55 25551 50073
41 132 29539 98447
41 191 31588 50135
163 187 24092 64168
169 132 13871 63373
12 198 38040 99900
65 98 40488 86989
116 13 1030 1542
163 134 321 23271
73 111 39861 41751
50 65 35370 86545
157 19 45477 88523
150 95 1713 59347
45 198 31242 39753
95 141 35010 85549
105 42 33692 40901
176 171 21016 30332
33 82 42282 95406
147 150 33455 77651
168 126 25806 28931
20 29 30528 32782
178 86 8472 99725
33 83 3979 5066
54 41 24645 31255
40 39 6229 33818
120 116 21323 51595
170 114 11452 70200
183 171 36317 82432
187 9 13301 25202
32 180 4434 9687
15 152 9868 97100
145 154 2472 5252
192 21 2071 5629
137 175 19604 44738
40 137 32085 32110
107 141 33035 35891
102 92 32998 35955
24 193 24858 43749
145 48 10509 39305
154 108 15297 90824
128 4 21200 38712
130 49 19648 25122
185 183 644 98344
75 186 14376 78536
29 43 30524 44461
35 161 17687 42089
160 145 27099 40771
4 195 19490 28962
198 73 47128 62147
122 20 15858 62249
154 144 7077 16501
129 189 22909 28756
183 16 4412 34561
128 49 10528 37348
146 118 15061 19552
64 65 20462 73432
138 131 3871 33941
102 141 15456 82220
84 121 33364 79836
61 191 1331 5272
159 32 42286 52811
33 110 23578 64525
28 29 1593 5678
93 62 10566 13856
144 45 12764 76688
100 171 18567 27836
86 48 4772 5878
90 36 8500 60989
73 173 10190 15010
102 189 5780 93978
183 22 23239 67593
4 136 29141 37386
180 74 18080 65814
196 49 12482 65366
96 43 29830 33639
30 179 20655 61189
152 150 685 14204
90 133 35520 43384
154 176 6309 57510
111 96 3403 43008
169 21 430 10074
22 39 24870 34397
34 187 6191 35806
166 194 32869 91669
143 24 6490 20473
103 110 22565 91184
170 47 28929 67460
89 180 12414 37750
95 123 15444 77352
191 137 35528 49830
104 147 1036 21541
15 35 31240 74348
18 103 23273 95096
164 31 36846 45837
179 115 19825 62582
37 86 14980 51620
22 50 5633 39527
148 68 655 9249
54 196 8118 21354
50 1 5414 52696
31 84 4260 75699
83 112 16013 81280
27 62 4463 85837
147 57 29520 85794
58 121 1006 2997
188 45 21112 24719
192 72 33241 87016
72 111 26311 38654
146 104 31828 51266
16 145 30514 47840
158 29 17160 21008
37 2 4422 22424
50 61 1121 54016
5 7 4453 13544
199 16 1464 1883
22 29 43 1508
8 75 222 39583
20 141 4360 35228
196 64 12939 34181
109 102 18286 22142
114 157 26318 92030
115 174 11166 38490
141 173 3762 61670
153 129 16912 60800
156 134 9375 52111
26 138 24136 36754
153 134 2861 3744
35 86 21100 98171
194 152 6729 47418
125 107 26465 84326
31 195 22183 96578
75 129 11230 55447
15 157 22240 70605
47 158 3999 95613
92 157 4278 27612
194 134 14027 19330
85 147 10810 53447
5 172 2020 3626
118 156 63 170
84 16 9832 19574
125 178 40771 85690
88 102 8531 61121
10 132 38603 56760
65 89 45902 98590
35 36 28192 73063
160 40 6277 56179
195 100 49879 64621
68 195 256 13328
124 17 28961 31314
71 34 12548 13141
166 101 30025 32283
141 24 28446 40635
11 97 44157 49719
137 97 9166 44399
196 171 16331 32561
165 89 16641 63806
57 119 5459 21251
153 144 35070 67959
196 193 18649 29803
16 38 8522 20863
86 133 32574 33900
29 98 37777 56257
20 169 14236 27391
9 149 28666 62577
67 179 1067 2944
74 102 4749 7992
94 195 14165 19957
184 171 41421 63439
104 138 3284 81347
35 3 12006 57412
171 3 26532 57942
151 118 11369 55197
49 92 19886 34292
194 83 12853 24943
29 99 504 548
21 186 12524 78785
123 131 22269 32160
85 171 23207 65314
173 56 33075 99738
125 86 5077 10796
178 87 1036 1495
169 37 16270 40409
87 108 7056 37513
93 49 48967 84983
131 142 23215 68627
112 141 47437 96422
148 111 24 96863
197 58 29574 63549
96 17 244 7831
166 69 10338 34812
175 56 19309 59479
23 9 17099 36450
176 114 4597 90341
102 40 6687 33459
64 55 43812 94174
28 69 275 75206
85 188 25402 77779
56 142 45582 52232
91 171 17692 96670
172 45 35912 77205
193 58 2156 32504
174 119 13899 76506
82 86 13592 27167
160 4 34090 80226
157 81 23588 63031
62 28 1952 85297
198 167 10381 19644
11 200 12604 51433
58 88 49783 88207
6 112 4455 13681
149 199 24884 49525
198 159 27157 37582
98 195 7635 38608
99 157 15863 31713
78 75 25510 58493
30 102 2036 75797
84 154 15968 16748
40 48 6116 91915
156 116 25706 52217
26 198 1324 99886
70 42 49134 63401
135 78 10228 84008
139 190 21487 81481
25 117 29484 43040
32 31 1018 3172
98 79 24314 74214
136 39 42373 80463
114 7 36908 47217
48 170 8515 28020
199 28 10138 62362
169 194 8793 97976
110 168 49942 74469
198 40 5582 29087
70 100 4206 86113
91 176 8556 96578
134 147 2745 37443
116 62 3803 13067
41 180 3728 44403
126 131 31035 95202
98 22 15527 47328
13 15 8082 84894
66 7 6628 12287
134 17 30819 68064
115 106 1668 8103
167 122 19423 39447
101 50 13978 67568
132 121 39746 45013
142 92 45154 64475
58 169 47524 53236
127 74 1430 23383
42 46 13446 37830
103 132 1021 30337
53 136 29106 81781
185 148 30684 43083
69 47 20042 20296
139 170 14596 55116
90 103 15989 28471
176 54 8242 10579
51 8 22954 87877
92 166 10496 73575
101 155 7037 55953
102 188 49522 52304
34 199 49324 59484
168 199 24210 80272
101 142 4749 27777
147 156 20385 24949
115 26 5654 9551
191 125 7915 40654
31 6 25884 75127
193 30 9545 25406
102 99 14415 15839
115 85 11863 33718
40 67 20 58
92 160 1634 13712
36 165 19442 19676
170 154 29315 56150
135 107 4477 11141
195 194 14985 61412
167 120 5633 86475
156 192 30947 69093
10 103 201 14500
14 163 16868 18286
79 161 47003 49867
114 168 3605 45563
74 55 19420 75361
48 125 16090 34404
196 78 577 22798
22 91 5762 10297
145 148 10654 35684
111 169 989 91159
82 26 7395 83589
193 103 19 77795
109 107 26327 35790
31 146 17826 50122
23 120 31196 63528
162 24 7854 33827
172 62 7724 12815
30 126 22857 34374
151 115 11037 21858
17 4 7278 41113
110 55 24493 64034
200 107 2944 8670
21 148 27344 92196
9 163 1427 10729
88 103 13658 25101
17 110 25585 76836
113 101 31174 90310
155 143 4434 5666
2 136 4379 10927
85 48 21393 21918
195 65 5441 42601
179 129 26218 61145
31 197 44199 61959
106 195 11570 69784
95 45 649 59095
140 113 4705 24354
48 80 48332 69319
80 188 27026 63588
53 188 3841 11181
117 125 3761 48801
121 159 7178 84850
153 185 8392 18747
29 193 4078 39647
105 200 37104 59260
32 179 1738 1787
166 175 4714 6336
114 116 12591 13153
40 153 31112 54433
63 82 35485 38289
66 35 24046 93966
180 13 42884 68614
164 73 5703 29988
3 174 4231 25257
100 193 5924 15890
60 42 21652 65195
194 179 46409 52763
60 52 1877 51376
38 93 32017 75923
57 88 25621 74901
112 88 27915 55215
13 24 2503 3235
168 124 10227 67926
166 72 5511 81878
51 193 27062 68271
44 46 6481 78939
91 61 9347 54850
148 150 4401 34967
189 134 10228 15125
157 159 48124 86865
35 142 18352 74702
14 132 22416 73862
124 133 15967 99477
130 167 25820 88799
27 48 31726 85167
149 85 86 18937
18 13 12726 77442
124 58 4989 27201
200 103 38765 57309
34 122 22809 27532
6 8 34136 81075
127 25 37753 76307
31 173 2759 14310
14 79 36855 71531
157 54 29957 83864
163 63 19271 98211
27 196 16125 16793
104 198 35578 95318
85 44 15944 88155
148 179 39730 93768
103 29 46116 77200
60 131 33568 99322
136 186 33699 79876
48 87 1793 2969
82 113 16786 27936
63 5 14899 90267
200 21 14960 30842
199 162 49502 99381
142 181 8533 11969
111 91 13398 79768
76 44 29675 97096
82 17 5293 5653
81 141 7687 26252
97 119 45297 75394
139 35 24090 54948
148 128 34533 39943
60 111 22570 57842
1 162 24028 52320
5 15 13548 20055
183 107 12024 21952
199 156 6866 11558
74 151 8428 9544
186 91 920 16453
170 147 15706 18374
58 16 4210 71351
177 70 10133 78238
37 44 26189 44170
102 73 1595 22682
180 40 44453 62948
190 91 30727 53169
133 173 2358 3812
120 137 292 3635
152 186 11280 87586
7 175 9523 21412
170 133 19872 92414
158 95 24433 34924
86 71 1910 4942
113 110 6553 33954
34 117 19153 61250
6 85 5977 18881
22 19 97 1389
145 152 34515 92023
85 36 1758 4386
130 109 15216 62330
179 23 40243 68443
84 148 18518 96639
17 88 48222 54022
124 103 15865 38330
121 118 17065 66573
70 147 16306 51579
182 116 26434 34499
24 180 31836 40478
155 72 1354 5396
172 186 49588 89755
74 177 31749 64161
94 151 9698 42208
167 29 30098 84964
134 145 425 2413
7 189 767 34115
94 69 10702 18060
59 31 40965 52027
170 52 262 1093
1 123 14 11020
63 192 20819 23359
41 44 40253 75522
179 128 3079 36993
116 87 5976 95762
158 106 45128 87936
57 110 5059 23151
155 176 38017 66958
119 68 47959 69194
111 115 14489 54563
194 156 44110 79334
194 47 5673 66437
18 194 1995 6578
121 87 8524 15381
196 132 14950 79709
118 177 38511 53334
135 197 19897 99577
37 171 22958 27804
32 197 32668 71416
69 33 35915 49861
186 182 1566 81685
63 81 1924 6449
182 107 2437 3589
83 75 15835 43962
71 139 43707 82666
61 21 4999 23677
18 44 5805 14559
77 171 2470 14884
104 169 11379 25379
1 28 21182 77089
134 77 16021 26633
151 195 6948 39385
85 2 12497 57080
23 108 42992 94388
151 98 25085 44677
20 113 5900 19992
33 171 17891 18241
150 129 21919 27766
6 199 29956 82051
145 188 30667 43329
141 160 24115 50677
19 16 5121 67106
113 135 284 1300
47 91 1379 7207
13 48 26562 99463
176 28 46781 81997
26 47 39344 43089
186 169 12767 27502
80 178 16098 84841
193 147 9423 21218
81 69 479 68141
112 147 9524 93357
146 19 37922 52438
46 34 18024 51054
80 94 16666 57345
62 47 2005 43744
24 184 28909 31590
28 117 891 77440
16 148 4961 76767
118 4 2350 9234
189 88 28468 50739
133 83 7835 11485
129 180 22305 65887
164 77 47045 91273
188 49 7367 90359
166 150 7133 8258
50 24 14900 24493
179 127 7705 16682
166 20 2056 5386
103 23 2051 14244
2 83 21317 73439
111 63 16268 34714
112 72 141 664
161 22 5581 10296
189 26 1277 26131
192 48 39530 97642
98 96 6893 22752
78 105 14069 77423
22 133 25126 45131
182 194 1434 41358
174 130 12736 23318
104 166 43692 54139
191 21 19341 23913
21 106 32518 80864
1 167 12315 13458
71 33 45444 82099
117 29 39603 45378
175 87 6636 23096
169 13 20798 43634
130 124 36273 92915
96 179 24142 27607
33 85 40743 44788
115 10 14965 62475
54 191 32183 58546
41 120 21526 35270
19 38 39452 84701
61 182 13775 53575
54 71 44012 63305
186 189 1098 18833
26 172 32092 70613
182 39 41787 97057
169 22 9238 85873
109 43 27761 97227
95 87 7421 91543
13 148 11518 88091
160 29 20792 62258
151 83 30363 67116
127 49 14796 29801
35 181 4203 95288
154 112 863 79793
154 19 33048 78623
58 117 11393 40469
65 111 46424 87539
91 149 49041 83567
183 82 11870 29403
130 155 340 27243
136 82 29108 39919
193 111 31947 86303
81 78 24538 81346
194 14 290 560
77 50 16433 25033
198 152 30933 71408
185 162 186 1193
117 36 4004 83182
69 100 29982 39444
162 147 22243 52008
119 91 13650 36131
93 115 5090 93313
66 120 1995 2374
82 167 40950 58269
154 50 40080 44953
102 196 40063 52083
94 42 632 28657
147 189 8017 57390
31 120 8271 28963
165 4 2149 3347
6 180 3266 33704
129 9 6633 33075
31 176 11157 38228
39 122 24960 35659
190 157 21526 40835
173 66 25487 98202
191 59 8796 93242
38 97 290 421
58 95 10840 31750
71 130 1573 3704
51 114 14343 16907
70 94 24394 86675
111 76 38450 99880
63 193 1313 1554
51 147 16841 87400
195 20 28852 94758
115 60 11027 33691
197 191 5083 9460
134 82 31608 93996
75 58 44307 82836
108 98 19813 58299
103 101 19302 80959
141 105 5215 23474
157 188 46999 93262
124 50 16318 17097
192 157 46677 69174
190 122 37839 44637
179 72 2312 35322
121 172 15123 31050
73 8 5365 64677
65 102 759 5767
41 28 45564 56771
29 68 31482 44835
176 8 35861 36249
81 37 2360 4380
108 54 38180 64097
25 147 48449 83555
106 183 19970 70166
94 124 2865 91312
87 92 41473 93084
64 11 592 21832
127 113 214 1252
172 159 15020 82711
138 88 2346 10166
88 24 24979 28626
145 109 8726 42337
32 200 29070 51655
43 90 13258 86894
100 126 9578 67273
38 124 9819 36235
82 98 612 6380
137 98 12909 39015
121 41 35617 63029
101 117 5700 18055
68 61 9082 9554
150 48 801 63168
173 40 45610 60378
116 165 32537 36970
14 149 1030 1120
46 87 25518 77973
79 153 22179 61135
21 141 33488 52663
2 169 45103 99750
16 117 46540 95904
108 33 25023 58501
149 22 16562 51172
122 43 18317 47911
129 36 15607 55989
140 123 1781 4138
16 200 10617 94848
168 197 26735 55719
65 174 20561 39626
159 78 32401 41299
99 22 24369 41821
65 83 18945 94644
70 32 30610 84552
155 89 46770 91970
40 169 21866 23738
118 8 11632 40294
134 72 728 4258
149 109 6500 12350
130 122 14546 67572
91 74 8004 29198
35 152 30204 89434
125 162 13842 64832
170 78 26103 84527
149 137 44849 79546
45 47 4126 98248
169 171 16109 18672
137 162 11185 29350
107 185 260 3238
140 63 40080 43612
24 196 20558 44057
25 184 46725 68247
120 144 13984 41573
191 173 1159 71241
143 64 13672 39235
177 184 5323 5366
168 3 13630 20022
65 186 4643 14171
133 180 33757 76585
163 32 3234 80481
175 5 47717 70349
177 189 49272 65227
53 61 22629 64703
45 68 7236 16664
119 39 1030 33022
31 154 27015 64621
62 135 11616 38198
168 125 7716 89499
41 75 8972 49304
146 108 672 30928
19 152 1089 29536
188 6 5210 61831
47 61 26419 75715
75 177 27473 60553
70 120 17194 40997
35 189 21291 70995
56 92 836 1150
92 190 6836 12659
93 194 25405 48102
152 84 8988 49242
96 108 10523 52169
36 121 36571 37995
193 143 48979 55625
83 171 10421 36621
15 123 15106 84026
112 84 29605 67367
30 21 19181 73637
56 78 5820 11282
185 50 3749 39874
123 20 30207 36878
114 54 36196 84845
177 18 26275 27886
48 51 20911 41299
7 128 103 11538
60 194 1981 8520
143 170 15665 57229
189 58 38054 51531
111 127 37487 90601
144 87 32483 52029
101 76 4399 64886
42 92 15389 17278
135 89 6406 8924
30 20 48524 92814
189 42 44329 80540
182 162 691 1148
200 44 7061 7821
78 121 38115 83704
120 97 42597 65007
28 93 43303 58286
50 67 7475 33923
142 111 3391 6857
40 156 39173 77502
69 1 29868 62155
44 127 9282 31896
48 152 8515 14388
200 146 11427 57867
38 104 3720 4730
170 4 9572 44103
114 159 8906 10143
66 196 14534 97078
149 184 34744 94402
111 49 35510 61017
200 5 18000 84428
102 94 27140 95778
198 59 15802 30779
62 33 3118 4734
143 28 43209 97232
94 172 18495 86245
67 107 12684 77496
16 95 795 54440
94 141 32224 59440
82 162 20944 74260
194 193 32337 60271
20 54 11795 91897
115 190 1149 28718
37 185 28332 51617
26 11 16872 68778
151 17 4550 49095
6 128 3065 56496
23 42 35410 48409
178 180 37226 85947
175 13 1624 3215
28 187 37999 98734
170 112 13492 18209
135 112 27829 90515
46 120 6893 8708
136 131 3496 50134
175 63 41273 78476
88 2 2255 78085
45 55 11169 22657
193 191 4714 80023
102 32 13000 17012
95 127 26796 39816
198 75 1918 5432
5 118 14380 51781
180 8 3276 5652
9 137 988 2322
143 178 13288 50030
120 52 45973 68001
35 13 7801 7960
139 127 2088 84220
2 4 20758 50373
121 154 45300 85137
161 141 43322 61719
29 40 29021 34975
170 156 34441 72610
159 11 42394 80414
175 173 3201 24674
100 46 47853 52952
1 125 25521 68610
78 147 10926 37172
39 91 8306 13911
82 37 18267 43789
192 151 14351 85444
96 87 14121 70581
151 80 3816 5718
84 118 17236 38826
38 55 16010 75992
45 30 9271 31252
96 188 3863 11536
138 179 36650 56741
187 36 49767 68336
109 86 16026 89199
188 82 16701 35696
175 85 506 2220
46 16 44497 77947
122 146 16077 21382
134 117 25823 96808
47 148 25433 62473
136 160 26396 75199
46 197 5519 8773
31 68 721 42349
123 198 5349 10735
47 9 2738 6967
177 100 4160 20096
74 142 24146 75884
126 19 15436 21306
14 103 10786 80425
87 55 7395 21606
11 158 15543 39755
107 89 1353 66554
132 74 8627 59371
9 44 46292 91320
142 45 22729 38262
73 27 27413 34901
13 139 39018 83551
125 161 2292 2327
46 185 17999 89520
90 16 26821 91518
41 40 1002 1800
83 119 17221 42245
116 107 824 15374
133 26 16021 20284
116 186 3641 76266
98 192 15143 92671
129 142 33107 33141
110 10 20100 30638
1 37 2649 32103
108 148 17175 95411
162 138 4859 10114
35 30 5500 64734
22 31 72 444
174 172 43066 58386
189 95 16778 50428
196 28 14390 15567
63 74 49674 76998
162 161 6295 6540
157 174 322 456
26 29 8069 70272
73 45 22506 40392
63 132 23690 53904
61 99 15515 48717
149 132 14370 49052
5 99 29602 35948
11 88 49719 81792
61 48 12598 41560
76 32 8502 26658
157 90 49812 59932
131 193 20400 57911
19 11 19453 39731
157 135 25183 33921
52 132 35395 67543
50 156 14162 67642
193 70 7151 25993
51 78 42791 49662
89 192 17025 20327
191 97 29213 48914
119 70 25640 90207
125 10 14268 98523
5 124 13198 76423
85 167 7416 13419
17 140 39020 95649
154 57 26432 66653
160 196 33273 57928
116 47 9859 21294
38 18 40160 73884
37 40 41411 61283
190 120 9928 14930
148 146 3770 19747
117 115 24622 64209
124 62 735 1053
57 181 29124 54059
27 152 1656 9198
121 34 4185 6775
25 9 34214 66120
22 28 32720 60547
175 15 20984 65987
37 62 21089 51845
96 53 44554 80069
176 47 12126 86257
62 177 28436 77911
86 135 5188 12845
149 124 418 558
151 56 28479 43041
40 57 18287 96699
109 120 3436 79192
166 48 11003 31913
25 23 48462 64615
171 58 34881 70335
179 37 6371 62336
114 158 46174 81750
168 141 16677 39230
180 90 23371 66986
126 103 3632 38819
82 195 32297 67613
8 122 15731 92459
179 145 453 611
182 146 17895 96927
21 23 4722 20921
89 100 15226 92092
129 192 14410 75758
138 122 368 13058
76 21 437 1013
129 194 30408 69983
13 107 23453 64614
158 105 48980 88679
25 159 16783 58971
104 130 43147 92606
198 33 18885 19719
156 4 46948 67255
194 41 1158 75560
148 173 15905 74610
30 40 4254 81236
188 70 13892 74819
199 24 25996 73390
157 29 43443 46307
32 161 23610 39211
154 122 10701 58382
95 144 876 92957
135 145 15195 21481
103 69 21921 73354
112 152 1685 5696
99 55 36815 38312
83 19 8763 27319
131 81 19836 81291
3 24 1649 96888
119 197 1922 2524
141 4 9929 10138
24 91 38335 98467
42 114 22177 33539
168 51 35450 58346
21 16 3703 59515
97 157 48899 73539
104 114 28441 59777
108 1 712 11931
87 124 47226 68887
15 54 33733 35428
55 48 21922 77328
150 176 1840 79078
74 10 44372 88618
13 39 7576 13793
105 122 4184 22957
74 39 45312 85938
163 24 45529 92537
30 116 17867 20841
163 121 37613 49757
56 122 37673 70148
45 160 27790 69264
28 168 14920 17711
179 184 33562 47774
95 88 18824 18892
17 73 29210 31499
108 14 4540 6281
30 177 46685 56155
50 54 164 710
14 173 21815 28083
140 145 38670 59128
80 101 39775 52738
189 29 4157 93310
101 160 7040 29565
125 198 8578 28128
174 82 20575 84943
136 52 32301 87220
176 103 48867 94893
199 20 5279 87536
72 73 7812 11405
53 66 21409 47368
17 102 36636 45482
26 149 6113 83981
152 200 7401 38413
54 57 13005 66193
28 81 16409 18283
105 87 21310 90511
152 30 29328 88214
114 182 42995 65829
126 188 12847 22753
88 85 12204 35167
37 131 29842 79318
46 166 5578 31943
64 199 6640 7166
108 117 2382 34356
197 21 1207 5855
168 132 30320 76364
186 4 19952 53405
195 41 8086 9882
82 68 36728 62526
33 68 13282 14207
67 173 4054 11526
41 81 49237 82999
102 6 18021 85014
137 129 45723 98340
132 96 25726 65674
88 108 8722 76390
175 115 33160 95449
135 7 9473 14560
179 85 43020 67678
118 29 48771 58608
34 21 6691 16791
102 82 8433 95244
178 70 179 511
186 103 29378 32166
14 100 5677 44593
52 123 1482 83410
94 127 42654 68510
97 143 2487 2626
64 127 35508 85120
112 97 15622 79129
114 57 5899 58873
159 38 17973 90837
138 181 6741 75297
55 58 2057 8222
2 184 2011 17473
22 89 35778 46106
148 17 9516 39790
132 62 27642 61154
99 142 6986 11966
122 15 38618 39129
72 150 41808 57076
33 29 20653 41791
56 13 12113 98345
106 92 1694 23329
119 118 4456 11902
179 55 2129 9444
196 161 27869 60417
175 145 20047 90796
6 78 4048 8100
112 79 48617 86219
123 99 1137 21616
195 146 8263 22923
175 70 15791 74350
138 125 4456 31687
123 132 46680 97204
162 56 42896 83027
162 139 48333 85526
193 47 2079 17590
192 112 15718 61528
181 29 46070 81508
153 146 42789 45403
78 158 5791 99458
165 85 18879 48686
175 163 937 7411
163 41 33507 76507
45 31 28228 34608
148 140 6408 22200
10 105 347 1753
83 182 3417 5273
172 38 13409 73929
116 103 13054 13972
166 41 15005 83192
89 188 17896 89987
159 86 16510 90035
93 196 21694 39366
159 1 12215 29931
93 103 12468 28421
63 136 22034 84275
13 161 16641 38071
2 62 6106 6534
1 72 23559 87337
158 123 12802 56421
119 138 32637 33799
60 182 1688 8384
154 46 48228 83567
109 142 28798 30516
183 116 2467 35666
27 23 23209 48193
24 111 7223 17288
140 178 15695 22256
159 191 36889 48631
188 197 9747 22892
128 80 18261 43873
21 140 14127 29629
7 94 17510 21025
68 18 1433 4383
80 71 7819 61418
200 73 10128 28970
22 2 14122 26148
173 75 21645 75145
62 118 14307 28736
72 142 28497 67536
127 4 48261 64066
95 145 9064 86283
116 82 28549 42736
192 150 28397 29588
103 87 10675 85830
162 175 13684 48671
44 6 25715 63665
100 1 11889 20563
4 180 7250 81486
125 169 23792 66313
2 200 341 9428
101 167 14403 92558
53 187 48966 91430
113 100 8837 26741
106 5 16061 49671
157 185 13912 72782
165 19 21041 87513
139 177 6309 44832
176 11 913 4085
177 42 5796 24183
181 12 9474 18747
111 87 39568 71049
43 119 21980 29124
103 57 11219 86815
28 128 9966 82259
56 90 202 258
52 95 7786 16211
136 193 22362 26161
9 19 2087 6745
186 139 29462 63927
90 181 1387 14070
152 97 47410 59384
15 191 16888 40852
174 103 21747 32918
83 54 3795 98681
121 37 47481 98701
55 197 15792 90689
135 167 45054 45253
148 75 40051 80433
171 168 40585 87460
158 111 2195 2809
68 200 930 2331
194 4 25806 30136
84 190 24687 34194
134 128 238 19491
56 190 20008 48660
40 183 38252 96007
119 165 8819 16562
48 79 6978 38157
30 39 20495 26766
42 102 8678 69420
43 165 46576 57202
93 44 29528 35914
186 125 4577 50540
107 146 27826 92828
110 142 11885 13904
175 50 10754 25251
24 92 24646 26594
160 74 3292 8364
118 77 37855 91704
1 43 22460 92431
188 59 40450 66637
200 92 35571 99358
104 85 22278 36172
177 196 4922 66645
143 118 10423 16709
191 72 42860 64258
148 161 28025 30714
155 145 19694 53360
155 148 2106 60143
39 53 16022 37676
89 48 46465 89095
195 92 801 1386
9 94 14999 54438
118 95 45217 57859
7 124 5561 76117
68 28 30114 41607
175 149 13439 21279
153 155 10040 30307
57 148 592 7845
84 5 20737 27088
3 5 19613 76520
21 78 24290 74537
191 156 47397 86469
130 44 9408 65497
9 50 47067 84714
90 67 45499 82820
14 64 4049 88140
20 179 49175 61874
135 193 16356 68787
22 75 1848 6997
31 65 33112 91808
108 105 28868 92519
106 33 38354 42287
99 106 18040 32845
122 185 19541 64865
115 138 16060 18715
130 54 20104 86157
128 153 8510 64515
17 75 33894 41621
179 92 29436 60296
124 182 9608 16782
88 27 8419 15990
163 55 5877 95701
192 168 39074 59326
21 82 2192 9177
186 43 41603 73010
117 182 161 6679
73 174 9196 88482
108 64 13595 80722
90 111 8204 89755
117 7 6469 14080
174 158 1292 6934
191 110 6577 98046
104 55 35713 48179
36 9 33509 94267
134 101 2041 9056
164 129 25605 70387
40 141 32100 33808
100 39 7169 14616
196 101 5587 94419
162 64 17396 28515
118 45 31905 78086
5 104 35138 81765
4 21 8519 91931
149 117 16140 84123
10 130 22645 29248
121 15 12361 44333
68 151 34829 74454
14 120 11083 77694
140 168 41104 60835
58 190 36388 98276
109 25 8799 15056
116 17 23315 91913
125 33 20632 49882
100 149 106 86760
177 126 43223 69425
153 99 42539 91108
3 117 10478 57529
56 189 19712 72054
80 83 9957 89436
67 69 29367 57966
17 125 31914 45824
2 48 8746 28768
188 72 19908 28260
11 62 26891 72764
92 172 5697 74279
35 49 36114 71818
132 6 10548 46070
26 35 12059 24716
112 139 10513 71540
139 107 4998 17674
125 140 41841 52747
30 190 18816 35612
87 198 22540 26957
111 40 13981 74213
189 39 38657 84367
33 78 17977 25547
191 85 27664 98030
115 7 28639 89949
99 48 12328 86831
37 194 5195 9988
191 96 4854 84131
133 152 24717 74483
88 172 30433 44066
187 180 29336 95628
171 126 18153 88383
5 171 1400 6947
46 89 4528 59239
142 125 33927 79222
152 107 7786 53479
23 60 12929 24167
31 185 39969 61731
164 158 8598 19304
35 38 4240 54039
183 6 3772 21225
133 119 6242 16898
45 1 13895 22460
134 105 29516 98897
89 179 8275 19485
89 140 25323 89890
130 80 19738 79562
168 145 41545 80695
118 27 17156 27863
180 107 46992 58968
134 106 33467 70978
135 51 48819 63204
55 92 41496 70310
15 39 16376 18128
128 95 32622 74872
156 180 5883 5960
123 93 21300 67780
111 141 39645 57525
191 128 272 4815
172 77 32840 40293
115 172 10373 25313
66 185 2353 41864
173 64 19312 34709
2 117 8797 17512
168 175 12244 27922
19 64 4986 56571
61 142 25337 46462
79 176 7040 21676
170 141 35610 39576
1 58 8415 32580
63 141 2558 5114
115 187 31685 87073
50 43 47462 86670
137 83 31615 94366
11 41 22430 37358
134 85 1520 2917
137 69 48716 75491
63 120 8245 41848
106 126 8543 12699
173 184 995 17362
66 80 6326 28227
120 185 11405 82360
21 28 41357 90439
97 81 2575 40072
152 72 21675 36036
184 93 24283 89840
23 2 17147 60535
185 48 15747 47407
127 185 8839 14430
121 189 49142 60555
168 193 10264 56850
26 74 43577 64575
145 162 640 2892
54 131 39428 63762
84 96 27468 56574
144 132 7262 24870
117 51 24649 40020
191 175 33558 51730
119 180 36294 43822
5 196 49749 77473
157 164 32158 39228
46 190 10122 33438
85 163 1788 10749
95 18 15663 19402
68 173 10058 57951
147 33 14282 43616
164 189 39168 78161
184 185 37540 55268
100 95 41885 47901
84 90 7280 41427
52 51 39053 87793
13 12 11615 31178
22 124 11371 35499
177 54 14112 91981
190 48 12205 18003
143 55 5578 77835
97 61 16701 96698
151 179 15315 71754
143 83 7293 8429
159 80 5811 7304
141 32 2882 6656
95 46 733 2321
135 15 12124 39951
133 42 44919 69299
143 49 49849 70498
163 192 39544 69131
23 162 38615 39940
145 195 38639 67988
135 126 25187 47075
46 19 26578 55236
61 134 20203 87849
135 146 8561 36403
89 134 48595 60992
174 166 24113 71956
81 100 17880 37060
90 51 15888 27432
129 107 41374 91212
125 47 31217 34304
140 67 35342 96849
115 137 3331 7227
83 1 48990 53624
65 56 35276 86241
76 130 13060 42927
105 7 41916 52765
132 42 23235 54715
178 47 17069 61738
65 138 35179 68763
37 108 33299 33741
49 6 49289 75316
81 143 10159 61418
165 118 30297 70390
159 104 48337 69883
102 173 35918 81757
96 88 2681 26508
147 48 10191 14345
5 12 2518 2684
107 54 34796 35948
175 65 40677 42777
161 136 10195 54419
24 72 35780 74519
189 181 27637 86299
20 158 13118 76721
5 65 47962 66513
28 149 11934 57399
193 128 334 3362
44 74 12247 13305
21 80 44739 79286
11 74 22109 74871
110 90 23830 51266
160 23 43624 81246
136 74 45086 79172
159 125 1020 4783
5 145 7048 78121
170 177 38390 82061
56 146 27266 83129
172 199 10633 65727
41 144 16400 50815
118 12 28053 60023
23 73 14581 36547
169 19 6686 9626
195 87 46602 91680
184 8 32907 90219
140 150 5264 5641
101 158 1574 9117
163 2 548 35822
149 196 22543 40524
23 44 47800 68513
134 59 7099 39486
60 22 26830 61772
128 129 32208 49127
31 167 15359 28724
76 41 32742 48958
194 131 7342 52842
127 117 24901 61188
161 100 14294 72700
158 138 39969 84906
111 77 4806 16798
157 124 8808 12609
22 70 6379 95524
107 117 46300 73862
10 188 36797 56017
40 177 8651 32848
70 5 9159 19428
155 123 20455 34128
198 136 44992 99002
19 23 15429 31861
153 119 13947 18211
19 173 22967 29953
169 192 6887 35363
83 184 8462 82373
200 64 519 572
126 121 10123 45214
112 184 12501 16301
126 6 886 27043
19 61 11124 60661
47 181 28009 59267
197 101 30906 35392
163 53 43037 43771
68 94 2953 3240
72 30 8956 30788
153 66 4899 15529
154 100 13037 49207
146 89 34695 86213
190 156 22152 53568
8 138 12930 43265
20 148 25003 27660
177 47 38882 89366
112 95 1417 73076
194 35 8124 8334
39 32 49404 92856
126 197 43845 87359
100 119 6364 57534
193 116 17439 19219
15 30 23592 78606
25 140 1900 72866
86 42 8389 16578
25 33 31502 69480
146 81 1883 30908
45 101 9227 14794
16 9 47222 68645
152 73 41776 65193
164 10 6301 10027
172 65 9809 11866
141 90 266 3933
192 114 32147 46009
195 117 6343 9168
169 161 3429 9405
121 49 6294 18405
73 149 356 751
110 130 32281 93508
194 173 8701 10429
15 162 2681 2905
75 113 6343 35694
181 61 44749 56811
174 16 14846 65933
16 89 21931 23822
125 147 5184 68053
180 198 420 10557
83 123 27787 61121
80 148 13173 93052
168 32 5779 74386
133 111 28617 71994
156 9 14577 79305
49 94 5973 55501
193 105 8104 11157
103 65 9585 50731
187 52 33618 87372
151 175 23318 96790
158 127 44690 95448
37 193 12681 23306
154 163 171 1473
8 125 15600 65727
30 83 34511 35923
99 6 649 7516
57 39 7067 21054
165 195 24899 28876
122 76 21074 33764
68 22 7221 72054
136 79 494 623
3 149 26432 72295
183 17 18156 40715
69 30 15722 75821
188 138 43216 99916
60 189 23023 83891
99 158 2348 12796
182 105 30985 61874
5 168 41187 73768
136 83 22173 48419
65 87 6737 45091
160 31 25075 87774
64 88 17714 32760
197 155 9527 96817
86 199 6315 8431
135 35 35702 95830
173 165 111 184
26 200 1771 5429
37 188 4610 78099
15 96 18160 47995
135 154 43931 70343
108 159 9745 69810
109 40 10043 55055
27 84 9798 12097
1 80 45378 60894
80 74 10748 14046
14 96 37716 45677
143 23 4629 53057
176 151 33436 98560
109 169 38610 43180
160 187 7978 31412
70 108 1351 12489
140 182 46371 99000
38 68 33114 54245
47 139 3575 43137
168 64 10554 12805
99 114 7629 30447
35 158 38846 57817
96 38 34992 48706
60 197 42259 75917
167 123 37356 88007
143 51 3989 70469
44 109 6200 96573
187 71 37965 42265
142 21 2409 4897
59 2 8774 9524
150 40 7068 55528
23 105 78 2137
45 126 11040 11200
40 172 868 4394
3 49 899 74619
38 77 18961 70852
146 1 47073 70753
68 115 45842 56959
171 95 7187 27084
172 83 13957 73607
6 46 33152 75928
149 35 5053 43750
83 168 23320 53553
45 4 5110 8633
156 185 45 1615
51 173 14021 16016
67 100 46390 80987
134 193 792 10346
190 25 38891 59643
59 192 44293 75193
111 146 10674 17613
49 9 19332 21981
187 151 16205 93803
2 141 30687 62594
134 139 44323 57178
13 173 24758 52915
65 26 3844 19855
132 155 14132 76825
163 157 17490 21394
139 132 341 8600
136 1 26871 38682
39 167 29417 88019
41 133 11006 78940
57 55 25104 35763
32 17 47715 53102
123 79 21638 61847
187 192 31526 73087
124 86 5659 95418
38 51 45476 54388
169 6 29010 91244
167 147 7749 18390
20 21 13784 14097
135 171 17181 75552
8 90 2846 66773
167 96 13194 34531
106 168 12693 79787
196 156 27191 71451
126 83 32115 51087
163 107 21316 39735
180 22 32083 96133
154 93 7410 18124
138 91 6439 14373
27 79 44813 87388
123 135 1853 8520
113 51 5540 16670
118 184 18804 61658
25 79 25179 66623
123 146 500 3256
36 181 35462 91680
27 133 5146 68754
106 79 47570 72734
82 155 22437 48321
91 130 31732 47754
118 179 14158 15066
109 188 5802 12238
96 79 11450 34487
98 113 32652 70839
10 96 11685 18282
17 115 47338 63802
65 92 11219 73667
79 137 560 5549
28 9 4361 46636
90 20 24128 91914
125 163 36915 71592
14 153 11948 22010
116 179 1690 38892
197 170 1553 25622
66 50 25477 28305
66 28 1355 7688
199 1 2186 8386
164 177 6899 31790
130 152 19129 82376
130 90 42245 65177
130 16 8952 59789
112 7 6231 12953
60 170 39347 64547
77 146 33862 88948
21 63 22467 30191
113 119 14042 86200
38 27 5968 71795
194 135 11834 31271
141 23 27000 58824
192 170 43620 66347
67 46 12867 27482
60 24 35050 57649
120 142 27879 94555
69 192 4000 12105
111 98 13691 31101
154 194 10744 31355
193 99 8705 38499
118 117 36951 90488
4 147 10434 10974
149 68 27068 63716
99 181 49755 91814
147 76 8253 36605
9 110 2182 47793
39 137 12889 82013
28 83 43267 50805
185 160 5759 98814
163 114 4463 24178
133 91 13739 14252
23 17 18170 86586
93 190 4901 73169
99 161 40489 87415
97 180 3210 3377
62 182 640 943
141 108 6456 94156
21 134 3753 62438
176 89 15198 56936
119 102 22887 83062
2 112 10568 60199
1 48 25729 96347
123 8 26977 29910
6 3 17605 38876
58 48 14029 40846
153 21 34468 38735
171 192 26689 80360
93 21 29246 65928
84 78 3248 6166
125 64 25072 27013
24 74 20829 52168
76 196 23450 26989
43 187 8310 11731
34 129 10721 21009
170 54 48249 61365
51 49 32604 40726
84 3 1568 14080
154 103 28921 57274
83 101 3423 86316
186 111 1468 87609
57 168 35491 68285
35 169 11152 99099
17 149 3903 34152
117 187 14154 41497
35 2 16060 53050
122 132 27230 39760
165 108 1479 20434
150 81 3177 4894
2 192 19562 33088
93 39 8209 95064
177 112 15223 38356
113 5 13215 33222
88 182 3793 83576
78 27 33442 74307
134 92 22659 32691
125 184 35526 84020
128 59 32772 70095
174 135 38287 92588
25 178 5600 98790
178 181 31511 51061
72 103 596 59946
39 117 2470 2473
175 120 5781 11089
30 68 21203 86248
173 137 37294 69816
156 193 3050 6074
56 98 20928 21271
45 61 28038 45870
189 66 47418 83171
172 86 27165 80956
29 53 11197 54438
146 145 972 72589
65 196 12292 19621
149 65 45970 91347
134 124 1544 1965
189 87 5425 17691
56 15 18211 89110
131 190 3911 86513
47 48 7273 24662
43 34 30390 43597
10 6 13452 68115
78 171 7511 32466
133 196 26445 73528
107 169 30365 83747
59 145 33573 34412
149 156 16066 20745
92 162 15701 86641
167 155 1596 79152
77 18 2138 3934
165 61 3903 9206
29 104 39439 68588
48 151 33030 40111
157 17 3674 19256
166 15 18006 56065
115 31 26067 89112
178 141 2379 4036
150 200 4885 43771
11 114 24458 62990
64 52 8221 74264
20 119 15792 85926
23 43 22287 97006
70 63 45447 86339
158 152 30878 33725
59 51 27221 79079
164 20 1588 1678
152 43 10877 85812
71 191 45222 90672
84 153 15959 19188
126 145 14003 94190
24 200 44887 45653
148 96 10821 25742
138 153 7105 12727
138 197 22632 22865
170 80 3853 60702
184 89 13910 77939
185 81 30009 94264
80 116 39210 44614
36 39 26983 91901
33 23 41559 61899
97 36 18713 81507
144 51 18804 36881
189 76 19487 19651
36 83 20125 25919
134 155 16769 37887
179 122 3029 6346
80 194 3939 83465
166 50 11109 34463
177 154 1234 5017
181 67 24168 72568
149 87 3810 10768
193 7 42881 54219
130 198 26828 57402
26 34 42690 79021
124 79 37089 71303
129 117 8968 27287
22 103 7202 62774
121 141 11817 47721
179 41 1421 1855
175 157 15600 87155
142 176 1065 8290
54 144 10426 40106
60 192 4452 7343
46 116 39366 66635
8 108 21987 66387
148 194 45394 95709
19 112 858 5721
144 162 19985 75403
179 56 48684 82280
142 140 959 16075
173 120 42759 82799
37 158 704 23466
96 13 4140 5169
158 139 20731 33668
83 40 4090 22058
2 60 33180 89963
67 42 9534 31863
133 89 48705 89691
160 41 4332 7816
199 81 19094 71171
46 91 4603 40450
29 70 29511 96585
109 42 10189 49489
101 51 32537 33641
143 18 5688 15681
2 8 13372 71129
54 126 3040 6063
80 43 44465 68524
154 33 38994 63106
44 135 6487 83326
189 52 6484 73463
69 96 10498 31737
143 138 3927 13438
62 91 26076 96948
146 28 17793 19718
53 149 9563 48216
107 11 9934 16281
98 21 604 28436
104 56 18978 44807
86 150 19838 21482
124 95 36272 72166
170 63 3640 97451
132 94 8184 79214
194 30 5643 12330
192 162 8489 32836
135 23 37031 41953
31 159 13996 34934
60 16 4611 19191
110 109 31832 85207
171 57 7854 85471
102 36 10725 16038
17 119 11609 75499
33 87 43967 64249
61 1 42691 97708
112 42 2571 90759
57 101 34472 35154
161 160 9332 85149
185 69 49574 68007
68 23 36318 60645
183 29 35032 61004
195 17 41054 57584
107 95 1252 23695
66 103 29271 38470
131 121 23683 48161
23 138 4379 14424
55 159 4410 7647
190 193 10525 69027
47 85 15741 77420
102 37 15359 44844
7 16 4833 13552
136 65 516 2587
180 136 804 93146
114 153 21655 78162
146 188 15392 82179
25 198 8026 31132
34 127 48241 48600
142 151 22308 48929
15 67 32680 94608
75 188 11172 56416
143 122 16856 99972
26 85 33171 88510
25 88 32169 48562
38 46 3987 19526
124 77 8991 9215
27 96 7014 20495
114 102 10389 85873
112 183 33291 46113
120 99 4692 5461
139 175 15976 52392
20 69 21143 68150
145 165 35723 78160
60 54 10573 55268
108 93 42548 87313
84 25 44949 53131
39 178 42784 45571
121 109 3664 59425
36 44 4365 8284
139 180 167 9101
103 160 1866 6504
133 11 25197 78566
158 2 48640 50421
150 32 5940 61912
9 82 25682 78638
142 63 2329 95697
58 181 9948 67713
160 14 7646 17798
125 101 42009 71888
63 53 8104 17206
54 178 5859 21412
9 123 15760 22494
156 84 45897 63003
98 51 39632 48225
54 52 45931 63908
152 195 1751 37939
200 96 46805 70585
26 148 9074 29712
107 25 18709 69688
73 137 25649 60112
44 94 5024 7938
36 143 8175 17501
73 52 33612 84642
17 193 39153 55107
150 84 43177 47501
70 122 17376 98665
99 105 48123 52437
193 148 35436 73772
41 109 919 6685
51 185 27124 69124
87 4 48545 73710
109 59 161 91829
119 98 753 22034
73 132 39661 52991
55 184 1458 2208
171 49 20456 62686
29 88 11072 44640
163 28 31049 78820
183 129 20127 29594
139 174 13365 23203
71 189 28495 80896
120 86 4054 34508
21 115 4554 42503
115 140 10026 12799
180 190 2342 55246
169 66 20278 49743
146 88 12285 73146
61 149 41083 74893
129 8 5864 6026
86 198 15340 57151
93 17 2699 3232
160 11 48605 96233
104 153 28164 49022
104 168 49202 65733
52 193 5496 95550
36 156 13352 14797
191 34 793 962
174 55 4247 33310
97 21 29281 74167
116 89 22636 25318
90 169 301 45793
180 51 43377 61326
63 117 1699 47362
161 135 26822 50631
43 79 7391 36194
160 171 34545 74231
121 98 42838 65833
158 41 10173 71417
176 137 20990 59725
5 86 10084 27366
173 196 4851 4939
176 138 1641 1655
164 199 3273 36740
45 51 35572 74505
139 29 15144 56562
66 127 8305 43261
75 199 616 10805
83 180 23689 79990
136 130 4669 32837
2 28 1431 23536
30 192 20321 86618
172 131 22637 85464
75 84 31231 93274
136 109 15215 34810
197 194 48212 62595
32 82 13620 52141
61 95 13748 16800
141 181 5854 10891
101 62 28716 79441
99 50 1339 7439
133 65 4420 50155
173 164 37721 95144
109 90 872 2284
123 25 6123 17463
83 11 1859 7195
72 95 19312 55187
11 85 36601 74913
9 197 3400 3665
16 189 34511 74078
110 138 42393 58600
29 75 11836 13169
10 39 30644 52705
1 99 5258 9969
146 156 39508 95336
40 49 23621 42460
45 77 45541 46915
65 145 21326 96371
71 63 43239 61597
30 162 29230 87153
13 122 37138 38902
77 190 7095 15417
38 28 26034 71620
104 87 17921 87894
91 116 16239 91230
107 87 21408 22748
49 100 33661 67565
21 19 35649 59570
160 138 10597 99469
165 40 583 2982
126 76 27260 86541
44 138 12486 83028
124 112 1471 52096
47 144 10803 11370
156 143 12477 68133
191 92 16405 20166
40 130 18698 23651
150 128 7242 95049
180 15 19826 31729
23 4 32166 33896
26 94 5995 68213
56 120 1481 7089
148 32 20113 82984
42 176 3692 55843
149 144 33397 82372
186 159 8189 18992
125 72 2769 10349
75 196 38500 72169
89 181 5620 10846
53 87 2424 5236
118 172 13724 14265
147 59 27095 78203
2 174 13139 76843
84 34 11150 12655
57 3 23131 66658
150 178 23518 27982
111 179 39763 52334
65 169 15918 33914
36 95 37554 44332
20 174 12455 77128
159 183 39 4966
97 87 13621 43153
124 63 9878 17961
177 25 6052 11178
159 69 40295 43268
107 55 17590 86449
44 68 32800 38764
13 89 48565 82432
71 108 16631 69979
116 155 2539 40407
45 117 35864 54514
119 172 34367 80118
161 114 476 84386
37 11 14294 88950
49 142 2414 51287
182 119 22 978
178 157 3789 6634
138 107 14262 27861
170 132 8244 18222
50 182 5796 48105
58 141 19359 90446
34 47 36 8452
60 33 7189 86542
189 119 17652 28145
12 8 43701 76166
66 27 32050 34151
110 124 5359 81627
57 83 32880 48946
23 144 35808 98424
190 27 20734 38631
12 125 4333 6589
43 86 11065 25573
93 139 4844 13306
117 8 978 76297
136 140 1602 4005
5 179 9481 11025
7 169 37618 53614
45 2 9403 16769
87 142 25331 67445
41 100 23337 77262
77 144 6212 97612
93 40 38869 55299
20 36 124 9434
156 47 26200 76596
1 116 17239 74039
57 35 8458 8922
136 162 4926 27739
50 15 9613 58341
179 175 22271 43933
14 31 429 16892
18 125 16926 62011
124 158 45324 59477
25 115 21356 28914
101 35 12637 78273
148 12 9130 11185
52 94 7240 28179
76 70 35294 55002
194 164 27117 68571
121 47 23113 38792
114 106 27934 35130
92 3 32040 64602
14 187 19391 54189
63 102 12266 85899
196 77 1917 27883
98 84 46891 87268
199 38 37671 40360
85 103 15315 22967
160 97 1452 63763
99 165 25894 33491
103 31 32165 76654
132 104 679 60783
180 17 18477 86302
52 169 24490 31720
120 43 47086 83933
192 93 37906 55182
144 32 1006 16270
16 101 41499 51641
178 184 15436 17439
12 42 7260 34751
91 109 30526 36513
103 198 646 62447
42 29 38225 38552
12 173 10355 12722
97 89 25937 70607
187 10 1962 4711
145 101 40709 92746
191 32 6016 40709
193 12 29239 62101
9 142 12037 13219
78 31 5751 60285
137 133 4495 53639
21 177 9187 13656
93 1 6126 36431
61 172 33851 76590
155 99 14053 25506
110 158 18718 76785
51 156 668 7830
186 66 30474 97830
198 20 5994 34968
197 175 34489 76548
127 130 14387 67230
101 20 23055 98238
153 179 5301 27701
44 29 17164 18831
94 12 7443 79854
32 21 1300 2412
68 74 10289 24640
61 92 922 6268
144 50 12244 62067
139 67 26182 55347
95 129 18741 59211
140 16 9526 42535
37 147 32736 68750
57 17 31249 98209
66 69 32685 64540
70 190 19360 32774
9 177 23707 70306
159 153 4721 64235
45 127 9635 10136
49 124 17278 22277
59 86 44020 61215
134 32 6465 38440
69 110 29630 44614
123 53 19083 64281
181 139 22691 92790
43 176 37072 43763
102 51 21511 30065
126 142 17042 35949
27 115 7712 73156
99 195 7767 48736
56 102 20810 23608
106 40 11086 91413
130 2 22172 83777
129 91 1431 91258
141 75 47467 90133
168 33 3946 92955
99 110 39797 78009
56 144 49312 60315
197 74 6343 21641
114 5 42395 97788
158 116 14111 14567
6 176 22299 71669
2 1 32569 86117
66 131 19954 45180
80 187 42994 73970
98 166 6115 43268
20 133 27607 72295
127 53 29433 41874
91 31 4002 9621
129 174 24797 55959
95 143 3960 53867
137 107 42234 95098
24 165 14443 51476
97 171 561 8401
175 74 31217 62820
105 192 38985 75375
27 200 27299 62371
150 156 27317 29403
71 37 13147 79216
80 64 2665 3269
38 195 19201 29154
11 10 5137 41400
146 165 31279 82621
175 47 3145 81631
97 132 46251 83052
102 191 16317 60502
132 157 19126 26212
103 117 5887 6778
78 130 3488 16801
46 173 32330 49006
171 36 39468 73517
119 120 467 2070
185 172 4238 71430
88 118 36220 67922
27 85 5885 6741
154 70 48783 92946
199 98 23996 50158
71 164 30841 78016
151 84 33990 36660
3 130 4239 17108
53 89 692 5128
7 49 39433 52311
86 3 473 513
73 58 16023 97221
156 179 38357 40019
170 44 11169 18621
65 23 15725 83063
114 115 15441 70613
6 171 45717 54842
3 79 43916 71119
117 143 689 3725
118 32 21405 46819
161 112 4190 15873
64 124 7784 10267
48 180 36413 63440
173 45 8836 40383
113 138 6384 94644
5 160 2485 15478
48 195 9163 20113
82 73 17466 20130
198 18 15417 55313
95 160 14286 85996
124 120 14259 87483
85 195 22928 64396
130 200 44608 53439
80 39 190 1554
57 36 13938 95617
141 171 23971 35527
141 39 7435 98507
198 54 19474 71721
149 127 20937 23138
78 128 44557 72038
118 191 29902 36301
178 117 33279 34064
39 190 45779 90961
28 19 22377 69566
72 86 23997 41850
40 133 18283 28807
11 96 8478 42570
175 159 3428 6597
150 49 34479 74018
165 81 1385 42349
70 61 38097 92486
79 51 5593 10474
88 75 36527 73451
8 57 17018 51666
104 188 1791 12706
146 54 12447 84723
102 140 2418 96926
173 26 8018 32772
87 57 1736 15291
107 164 6994 55619
190 22 21397 59872
30 90 37334 38415
77 72 27314 31764
21 178 6924 7929
195 101 28493 44075
143 161 2422 7527
78 185 6864 9348
131 137 10097 43869
86 99 22671 38643
184 71 23299 80123
45 199 15017 56136
128 64 13474 53466
117 140 26441 29391
101 69 16730 23395
54 94 3339 4529
30 150 1657 9737
200 180 30535 56118
50 40 721 3833
62 117 32879 56735
142 3 41733 80419
13 71 38235 45001
200 6 4280 56900
189 82 23087 35381
148 180 8418 82905
66 106 41450 94657
152 199 2599 34121
67 56 1325 1444
58 62 586 32493
132 45 2616 44029
51 81 29209 45914
26 20 23842 36830
78 39 24829 84741
69 140 2743 30215
153 107 4708 30452
152 33 42554 92918
113 184 35554 36992
78 108 24855 78990
79 172 9750 34498
10 191 2710 3736
4 24 43419 57372
125 105 29028 50760
137 30 3201 71581
13 125 18042 53778
184 167 462 59248
90 146 11299 79370
136 57 139 85048
41 52 4645 13362
70 14 1618 2489
118 200 21504 43174
6 145 10783 56030
186 13 4834 59902
27 191 10541 14931
42 66 3889 57956
156 197 3981 18492
82 1 37994 40659
152 184 23733 90157
89 163 3671 51277
145 15 9418 49635
200 13 49330 75389
160 30 3547 9947
70 102 32962 82464
122 176 3981 9474
128 132 7679 91506
67 63 47956 97763
25 40 13353 17978
6 12 30952 37319
25 59 936 78686
88 184 37757 79803
37 18 19558 87070
145 144 46672 58360
27 18 3349 4351
80 113 30387 44001
128 61 27107 45941
5 143 5759 75485
52 121 9721 84377
16 190 35643 97793
7 95 42238 65336
159 88 17911 35293
65 20 49957 83275
18 140 9273 92274
168 78 4327 23988
150 164 8380 92891
37 107 39981 70169
101 127 49188 74827
164 185 3556 24875
199 91 3527 6227
47 196 37472 90965
21 109 343 5701
138 89 17666 39558
4 48 30240 53667
106 187 16806 20220
113 198 2150 30993
183 19 22133 69883
109 61 2194 4358
9 74 7629 67427
168 173 23571 66559
11 78 40382 93115
35 27 880 1780
198 88 1483 13446
101 4 16109 65462
77 40 10411 90089
119 104 7886 65331
57 199 1619 84818
28 132 24263 92000
111 131 34116 86442
44 39 14890 62356
97 56 4510 99045
116 73 706 3750
84 68 36966 76059
106 38 48162 85206
188 175 35196 49780
59 131 22769 59230
62 23 6873 23236
13 191 348 946
198 190 16865 76419
15 120 4818 38820
140 30 22045 53463
67 20 1027 36558
195 137 655 41822
19 3 5002 11173
25 160 28637 65137
151 82 37700 50546
24 117 4518 4565
135 175 29949 74614
171 32 20128 84968
38 114 3851 6464
118 83 765 37413
114 37 27850 59402
74 104 31527 43932
3 155 20719 55687
144 75 7010 14103
49 68 40620 92778
147 89 33563 53163
99 32 2193 17197
74 62 35027 62500
112 173 46315 47130
3 44 6329 20608
73 9 8374 19524
50 78 49012 85110
192 161 45188 99644
50 171 5943 10295
96 24 14421 16307
59 7 21061 71276
2 84 49474 69165
44 40 3223 51227
62 76 19723 81300
40 92 4962 13083
31 106 1500 3703
77 149 1668 10544
8 141 9809 62243
176 159 19745 25634
199 60 37412 76993
134 127 20217 83936
161 166 1215 72322
25 38 1665 3495
19 102 34623 44383
111 110 25544 69572
129 170 321 68756
181 43 16914 74965
169 100 9281 53482
18 156 29767 76847
59 82 43553 76798
123 168 17710 33655
15 200 37295 91812
121 167 3098 3967
161 132 14081 93166
183 200 21580 23361
107 159 22315 80318
71 177 10060 12196
129 71 13935 87188
175 16 10064 13851
167 15 14319 15187
133 154 34894 83139
37 56 33571 48974
7 87 43513 85523
45 40 7108 15828
135 97 199 10245
31 172 10634 62641
112 159 30915 32648
197 180 35219 36404
25 192 31799 51143
114 149 4036 70485
14 81 9873 36228
148 43 1435 93215
91 12 2998 18708
183 149 6566 12707
107 106 7432 13296
37 51 26742 34590
60 108 16964 25233
143 46 2530 3176
158 55 44665 52815
128 149 33586 76013
195 72 20671 45291
175 128 36516 54893
189 86 36600 38600
193 32 40651 49095
57 66 6754 26793
21 150 30388 51780
167 59 26947 43536
45 130 11243 15602
62 16 33650 37692
101 91 39894 58201
74 95 887 981
117 189 2709 73119
162 91 19110 21811
78 177 24614 94199
107 43 38179 43695
130 18 41143 58484
33 127 3884 11345
179 42 3239 9544
95 60 12905 25747
168 60 26330 63056
200 133 43951 61906
98 13 28793 60745
73 26 2108 80410
169 43 14265 64635
128 155 30906 50161
149 56 3395 86216
160 35 45167 90174
164 125 36538 39299
75 197 10972 74234
141 106 4457 6397
144 199 21020 23581
128 54 37543 66149
48 16 36759 65857
50 30 5165 31925
106 24 12533 89386
172 171 31512 73504
28 52 46774 47813
169 157 45501 68743
179 48 1693 1946
101 47 11749 84601
62 9 2309 48507
190 184 1496 73627
28 130 3883 59335
193 163 8357 66486
107 6 10049 83665
107 44 5946 15897
102 149 26054 36650
15 108 12676 19973
91 152 63 1251
112 122 18350 88516
30 22 28695 56755
23 13 34185 41738
17 191 4013 27819
196 68 39810 77329
166 17 38604 39956
46 146 5559 10625
19 140 10648 92658
114 165 36680 39342
129 31 35557 40006
21 24 27569 60563
178 169 6943 84247
185 3 49201 64111
25 156 23371 28146
16 164 19874 95941
12 54 43753 51990
141 118 6890 7536
121 129 12764 67076
171 10 31596 81717
165 15 9861 28396
178 136 40741 88206
141 147 681 846
64 181 332 6578
88 99 736 2558
62 80 9859 32121
1 68 2417 37661
30 130 14946 19518
144 114 48273 87526
14 94 32121 48629
39 104 12478 98826
154 136 9815 93793
167 113 49767 81311
133 172 26562 71338
53 55 12213 45755
120 33 32693 47620
67 185 6696 96966
92 33 6373 8546
63 99 10111 18604
65 171 4744 5968
137 100 4794 8499
61 103 26767 86881
50 152 4558 42751
176 18 31741 62206
65 200 9556 89384
24 47 29028 96332
123 86 15670 21919
160 131 45192 98475
98 124 12228 19895
97 71 47854 89617
163 81 8498 69253
188 189 15863 22779
187 110 40088 95191
57 188 35053 40259
73 178 5016 20304
108 179 10907 14927
54 174 338 49957
44 173 24958 96003
56 193 22586 62396
156 183 20146 91695
85 80 30710 65786
9 90 367 445
68 124 1621 8825
97 181 10612 48223
106 25 3638 30049
32 104 1855 9255
89 11 33021 45562
156 135 23641 92190
14 175 17903 20702
16 146 31635 60891
156 117 29930 61200
8 105 3609 74154
167 186 35621 67112
117 153 16478 69831
39 187 40360 42164
107 80 23322 85103
177 145 1771 4957
12 64 9611 93714
193 122 162 1867
83 193 27999 63853
97 84 556 10828
67 152 2733 8520
183 174 28359 61447
119 3 37082 69956
18 70 17578 46692
143 158 35472 93107
190 142 21122 39816
29 120 114 352
62 18 15933 52353
143 135 8789 75907
94 177 16043 41543
70 149 17612 96969
58 27 3694 19435
144 60 36773 89315
179 66 12992 84374
35 127 12577 78925
61 183 31834 37717
107 168 356 6570
68 90 2173 25388
117 22 2661 4475
24 18 33693 49495
17 190 29693 58442
118 54 15112 17227
112 137 2717 9597
104 167 41571 63193
8 132 45076 89647
106 121 36529 60712
138 6 15680 96267
183 173 16731 37395
162 188 30902 44795
41 21 16352 99618
109 14 597 38121
132 66 5218 28734
197 132 38702 89215
4 78 39893 91583
36 49 40818 55572
21 118 12879 39568
105 162 7666 27566
134 183 10442 52601
148 122 44480 97605
139 90 1424 4971
189 176 43971 76815
68 50 9501 48171
19 143 16386 60109
77 166 16594 67099
63 32 3599 10128
136 181 2274 73707
70 77 12571 15961
165 101 32379 62369
71 36 43193 68380
179 198 18488 73935
135 164 11385 66453
157 67 1157 7568
112 169 8970 51124
46 106 786 4138
141 76 11238 24094
68 72 21155 21870
159 156 30139 42118
141 26 35108 50781
100 125 16775 85982
46 175 42291 97520
33 57 224 1853
163 145 3552 13666
16 133 1322 41079
39 38 7909 41193
134 133 1987 3840
146 91 49879 84272
66 117 5988 35853
160 37 940 1793
75 155 38160 42260
162 75 6329 21024
112 63 11656 78030
170 181 19219 30388
65 179 12218 41402
22 73 3599 43240
141 45 4502 39175
81 167 20755 76967
122 178 5835 89246
53 70 6741 25475
84 56 21826 46771
189 110 5233 7708
167 61 5158 91133
99 25 41425 50602
29 35 30723 32392
141 65 25587 78525
99 177 2014 2208
44 91 26565 27181
95 169 43202 67627
174 66 25662 42310
79 194 43529 52849
154 199 17345 69037
145 129 25669 77009
184 40 6781 30116
157 11 21583 93285
12 10 10712 16001
101 79 4237 17267
7 37 2112 65752
35 140 23180 69456
20 16 26071 48848
75 45 4210 85112
36 28 9589 13926
38 11 14551 22127
172 127 17591 23474
157 93 28916 74374
129 77 19960 31027
16 35 13187 60847
50 46 17676 82425
86 78 35811 82764
22 153 45700 59373
153 145 9427 83827
169 135 31142 82871
50 151 21163 37618
18 185 26664 55063
171 64 7196 52710
140 151 40625 91084
180 47 36384 42787
151 112 8894 21453
56 31 1636 31881
165 151 40767 84765
54 134 25071 95347
118 9 1545 1735
72 196 7823 48635
98 118 34830 77187
116 126 8490 10582
37 34 18044 72521
104 183 44757 60699
24 28 4727 8708
191 158 20729 90680
187 196 36768 57054
13 42 9533 85154
85 169 34303 63934
53 189 18503 73437
188 64 187 20683
74 73 7105 67404
153 190 42007 77700
110 65 31863 86600
197 85 325 3383
70 24 13566 63338
127 189 14010 26641
91 28 695 3230
122 55 21078 69197
159 102 10086 14667
60 176 5607 18227
190 175 29325 98343
57 130 1718 24160
153 49 14431 62644
189 84 41432 52197
63 178 20584 62756
184 105 895 58013
6 80 16656 38057
7 83 9997 63123
121 65 32052 43347
32 138 4729 30281
173 30 17999 48604
63 183 28680 45637
14 45 5836 26132
127 7 37783 71568
24 40 34770 48000
23 142 39807 92620
31 52 6803 96979
81 182 25040 83989
140 158 16603 86134
92 122 4079 11422
166 106 1510 10277
112 196 2305 8626
36 25 48858 86056
118 75 43148 88664
78 194 22359 66302
175 42 9515 13750
200 35 28555 37469
156 90 221 33700
195 176 9638 33364
144 158 13149 31318
168 35 1755 2673
135 103 37388 56177
13 151 5762 54030
65 181 12085 88348
175 55 8224 10975
1 90 6565 8779
182 122 38688 40281
121 200 39745 98886
183 172 24595 43047
111 59 11020 19909
172 126 2663 12872
10 47 5611 30925
72 51 18273 64057
92 187 7462 40948
108 180 18808 36124
180 9 9737 12725
72 43 15780 57182
57 6 49619 92576
4 100 27305 33554
151 162 28842 90099
148 46 23100 27667
26 191 32005 78387
151 111 36483 95366
186 37 3119 81525
168 10 16377 83823
15 198 16406 32347
50 100 43272 45845
14 143 24321 30145
189 12 11966 54768
2 107 36492 43970
169 87 9474 23234
75 110 2994 89672
120 95 98 35722
56 45 49700 50320
194 141 35334 62245
152 165 9705 97299
71 20 6695 46456
145 84 10121 23503
78 174 47999 72262
60 58 16100 32419
102 138 4482 31366
70 111 7866 84142
30 95 40452 81949
67 156 2324 80291
8 4 40237 71802
177 64 46436 54587
73 5 35326 78102
142 19 15363 55527
130 68 21911 23229
64 10 26564 91972
62 38 17904 87672
162 20 5321 7290
175 91 13309 35157
106 143 4778 85939
56 41 5020 6211
4 92 17784 68002
17 65 16989 98593
29 54 20578 47978
157 91 45046 61671
11 46 37931 40489
149 194 14049 17462
124 161 23931 55679
112 108 3913 76333
91 102 15506 16530
42 158 49019 53241
9 150 12029 30310
195 120 3399 44076
39 24 5094 5581
63 104 30741 94964
34 68 32897 75334
176 67 3818 53162
120 91 8041 37205
48 46 21187 35779
195 40 18151 19486
160 162 39550 75776
185 108 20498 23953
11 68 15716 19140
135 73 246 644
91 5 48210 58232
95 188 48894 84970
33 101 20826 24149
140 187 24851 99272
148 199 36884 80752
106 56 43516 75283
63 10 14718 21598
23 41 38006 65711
2 157 9104 49794
51 26 199 3424
157 115 34028 54937
166 36 11269 75426
125 106 18911 24398
79 12 38428 80360
117 183 45979 88868
88 181 6184 20193
159 168 2683 17288
82 177 9799 68742
12 119 3947 21068
49 192 49446 71188
142 18 565 1457
36 17 39071 44056
86 143 1486 44956
32 66 17919 78397
180 31 31073 56495
29 59 6440 7943
93 191 25281 74639
188 133 5046 29650
43 101 44398 87021
83 52 38231 72015
61 17 46090 65418
27 160 5120 67337
102 176 39121 46752
36 93 19108 65200
113 63 22233 44186
105 197 29519 85210
65 88 281 1901
129 127 13716 35346
46 47 4305 22793
88 52 40875 47550
182 56 11157 14763
162 77 21540 43878
26 87 28453 55537
19 1 21711 29492
197 131 3153 7438
143 17 492 77081
183 154 1912 2144
183 21 22208 68762
107 98 197 660
50 103 41435 98499
75 96 46912 58166
42 95 22559 27141
63 173 11065 23828
148 19 14703 28529
26 107 24187 93044
114 103 19525 64836
131 85 1491 16027
77 36 656 2413
130 106 42792 76653
78 32 38578 65497
51 177 727 84907
49 84 8095 31033
22 146 5167 34946
141 48 4198 6858
149 134 5401 10447
3 129 18807 55619
72 96 7920 85639
25 41 28284 68297
167 97 20351 84967
140 189 1974 3896
197 117 1636 7266
164 123 15900 33501
178 162 31396 77227
120 51 15910 69843
170 68 45866 88150
162 69 47702 97818
57 65 6447 25139
181 156 6560 49495
30 195 6303 16209
45 186 3224 60950
181 69 5693 22874
131 43 4190 6442
109 144 1138 5452
13 69 49421 81923
86 13 29066 85026
168 72 17749 95562
18 170 41267 49937
155 38 43487 63086
153 7 15413 87220
151 71 30915 99635
87 177 18397 21322
136 156 49154 77590
125 78 22832 59016
116 53 39574 82670
163 83 12259 15162
32 40 10362 11404
106 95 28392 55526
71 47 16040 26456
40 192 46981 76371
58 112 10476 18279
116 148 11830 67898
183 11 13672 88048
144 79 1028 14463
96 168 42822 53241
68 167 12611 28678
110 49 6 52391
69 126 25284 37925
13 159 19332 21585
30 128 16292 66891
74 186 12728 28811
7 74 33027 98480
40 158 28901 88437
158 28 15405 78906
28 126 11758 16882
109 58 6775 10526
17 63 6582 18884
112 52 3128 29033
125 113 2292 2696
70 133 19579 54568
112 25 48739 84983
150 16 2912 3442
73 120 6583 41882
182 118 2249 19687
43 128 1906 73490
179 123 11672 21576
35 23 1056 79323
107 91 2848 20634
115 168 4213 11508
183 150 44055 55274
21 108 6754 88096
177 134 2571 56428
61 118 32591 70829
40 4 28826 52598
178 121 47485 79881
54 125 60 22481
63 167 37096 39421
26 116 19402 87788
1 15 36461 88324
132 152 9887 35404
107 1 37 1748
121 180 19172 31121
45 174 37325 51608
87 100 4461 32691
66 112 23891 79935
89 168 18772 86792
119 195 8786 41695
196 194 46468 58662
126 182 17601 48551
107 110 19633 42647
46 27 7741 47448
117 27 23113 56254
158 94 549 71080
66 198 27712 89096
110 182 10886 18017
152 76 24850 43521
21 130 9604 34934
108 134 3190 5998
112 4 42269 65088
17 162 31912 80717
25 43 47082 97554
79 16 29247 75063
27 166 7606 27474
163 94 19249 51829
182 109 46493 72311
112 199 20904 38761
74 185 13175 46193
28 98 20158 22780
113 194 39140 94104
23 67 15914 26122
2 103 6512 69643
62 107 3883 24066
163 132 40790 82238
29 169 35094 71999
185 25 1999 4032
99 54 23820 62841
188 42 7782 84275
105 21 5649 14887
97 67 15079 45492
198 81 6931 7353
1 151 33714 86223
53 7 22517 24539
42 21 14981 78760
62 34 13519 22762
200 43 14328 25343
126 123 793 12046
189 50 36942 37107
38 88 32879 93867
60 26 33522 97859
60 20 6810 31792
19 76 3648 13799
160 150 2784 6013
98 88 4407 9749
162 194 49950 58275
195 182 18032 55228
21 46 12054 17262
72 120 40083 72353
91 144 2566 46348
171 98 49730 94280
199 92 24896 26784
179 132 22737 32022
77 97 5831 7042
55 50 2510 44067
129 138 3598 19788
172 78 15646 35625
139 196 18298 27768
62 60 47392 71965
191 139 4067 54484
187 126 29016 57090
99 144 565 65665
11 145 2598 99055
178 26 23891 24476
49 14 4686 7302
134 45 9250 66238
36 180 17956 29588
199 174 5840 86949
189 47 4151 33983
191 79 10218 63395
10 166 783 2064
162 53 42750 64545
32 132 45382 51821
106 169 1210 1221
148 104 6074 18346
59 119 22749 33086
4 95 40335 43959
119 86 41903 91221
36 74 7954 14513
72 79 4074 72763
8 62 32007 32129
151 14 18697 21148
132 33 46336 55202
127 160 28068 90602
31 73 5882 15353
127 122 11310 14596
187 133 30546 65843
194 123 27097 53602
57 68 2032 28981
155 60 2117 6369
79 152 26784 64581
155 59 32250 39905
20 3 8142 85610
21 149 11815 99874
138 96 31074 92515
196 172 48377 56493
181 48 41750 99036
156 114 9056 12101
97 7 5691 12946
10 128 28333 40266
94 111 20961 41902
158 168 2778 9056
139 101 14320 60082
148 69 33455 72421
134 73 23183 87694
135 138 8977 35459
55 69 1674 1721
151 15 46804 82135
197 92 40605 97572
197 62 3225 22505
133 52 20487 21698
58 32 287 13177
14 7 3404 3493
145 151 43999 91894
19 14 5922 94823
180 157 15870 19077
181 149 22021 25862
178 146 21828 74488
51 97 28367 29459
34 91 1455 40475
41 168 8412 18480
134 102 26413 41885
10 161 24362 68241
161 21 8864 11910
71 96 31751 33866
192 76 3342 87548
99 133 5990 16632
62 25 27763 45493
188 26 13072 85795
139 4 8123 24032
117 144 24370 33152
69 160 2718 23417
8 82 31 1460
110 159 26370 29693
43 124 15555 22733
100 26 2350 27749
3 143 49741 82158
98 142 3223 11672
37 23 11162 16792
134 8 6541 81597
42 8 33503 82892
62 161 32195 75259
17 111 8845 16772
197 174 7107 51611
67 108 2938 46000
112 18 18197 95693
177 41 16566 24738
49 181 14167 99072
116 134 29142 36527
80 95 6111 34036
11 185 3821 95728
91 194 28442 94081
83 106 28746 64029
123 74 6723 46943
114 32 5309 35869
164 141 47631 76928
156 105 26192 76653
107 16 2834 51528
180 68 4462 62411
174 39 496 99560
112 54 709 37147
37 16 45600 51339
108 19 103 9582
177 137 17429 84685
80 143 8239 12644
176 32 36355 46128
51 138 1228 1969
181 18 47969 58769
120 92 19501 71078
24 6 6034 21237
186 69 40982 80402
75 178 40155 85365
84 15 20772 48692
39 172 26223 42379
164 111 45332 84679
79 64 30998 88143
155 20 5979 16850
38 163 3195 19955
96 181 8460 66169
135 52 24641 47674
150 34 26040 33925
97 4 31527 83797
19 139 16973 78877
111 126 3751 39103
153 70 22848 91932
3 52 37289 81307
103 181 1400 6467
44 169 1921 62744
33 192 2617 20524
72 146 21808 36266
72 169 45835 66772
61 125 17144 98657
124 59 37031 91595
147 49 11332 32363
7 158 140 286
93 153 5073 10451
46 122 5096 36156
32 178 8094 10365
54 21 11895 28787
31 181 43578 53608
29 170 3387 85495
79 180 4957 61688
142 107 1009 5420
18 26 22828 46427
4 143 19957 28044
164 30 34472 38386
162 193 1390 82923
114 17 46993 71129
143 89 34915 97667
137 36 49115 51540
57 31 1796 17952
60 137 5755 43766
82 40 25347 56563
57 91 32004 72339
58 191 19205 51800
152 95 33418 73645
161 181 6832 11054
47 41 14521 46595
72 98 21483 84827
186 144 18267 76656
14 192 32304 93612
195 69 5304 5647
167 153 2220 56003
4 49 43198 90013
104 84 30331 90447
166 33 14373 91626
51 9 5838 13942
200 153 9547 70920
115 37 25481 80068
141 70 14544 94053
71 65 22592 24094
100 140 8433 26056
172 82 273 2390
42 131 24468 25838
36 109 26029 34940
26 184 40340 51359
20 178 16512 82173
48 25 21015 31055
41 148 12395 29795
88 3 44611 64956
36 145 19877 81833
28 23 29325 45270
131 9 9509 91223
192 133 26075 49848
110 20 6909 72074
196 129 7500 40978
28 173 2365 28175
175 131 49210 88926
27 110 43206 85438
132 108 5355 49820
116 194 9040 24123
126 122 23036 89822
142 96 11137 46296
176 74 6003 64525
198 99 1132 16670
181 147 45360 82933
56 170 36540 88565
29 185 6401 17506
178 28 12104 60604
72 186 10047 50283
2 56 7384 23857
179 38 5800 21017
149 24 26313 77185
163 13 16820 64697
109 27 12264 58447
130 100 6772 79041
93 64 10375 54557
63 168 32864 91533
86 106 19302 57779
168 127 10695 32077
191 40 17030 36269
59 177 6658 96066
193 195 22476 46109
118 1 5314 19648
128 110 24460 84993
25 131 11366 36911
9 188 30400 51848
44 104 42588 71598
50 106 5167 88172
192 186 19185 77929
197 54 2182 2304
63 80 18126 66880
113 22 5859 22192
89 182 32685 52431
37 29 47286 75272
86 44 4296 18804
15 147 31895 87881
83 78 7186 95500
27 163 1256 16617
98 152 14374 20061
146 150 4576 73822
34 58 34657 94956
52 98 7142 17737
197 18 47079 50313
47 12 12273 70617
82 165 1652 21472
68 85 17813 99372
186 194 27619 88741
27 98 43079 53089
147 178 6471 11496
195 8 4785 13422
70 98 9094 96566
178 153 1563 62750
98 90 16269 45533
137 159 4626 95797
189 96 5220 8155
190 149 32411 73244
141 167 26357 32800
168 22 39333 57454
115 35 5606 17917
139 66 38036 80758
107 90 499 32535
200 84 13916 21021
25 120 10895 46475
83 167 47882 64987
75 154 27835 34655
38 121 4014 31914
164 52 40473 94724
162 126 21926 43273
9 45 691 66654
19 30 22645 67010
126 37 28520 35340
117 177 8830 61501
83 16 41206 64234
89 24 44802 50787
149 60 19709 94715
199 27 17575 22549
71 150 14634 19500
136 25 48076 70070
157 138 24657 63204
168 38 6385 12224
195 112 34382 76776
114 125 1126 44793
100 184 46400 53074
192 97 20466 47901
20 103 6552 25064
41 19 120 9184
57 7 14251 58664
115 176 24100 60163
14 26 32416 40697
102 39 14910 46033
14 25 1237 1336
184 192 11647 86356
194 26 43930 63437
9 104 38571 53705
155 80 5189 72585
14 129 3608 14015
59 69 24843 69672
185 85 33720 88267
34 50 26741 82063
48 9 32684 74766
138 174 24994 57387
96 141 1310 7026
129 58 9083 32733
186 100 3396 74727
168 198 47504 94590
34 56 25459 47576
57 190 9704 53311
198 76 28287 58740
1 126 2968 3281
19 58 6459 19080
115 165 21700 75393
64 71 38487 41448
20 37 13405 60238
45 13 25701 73624
114 96 35314 71791
173 23 1829 23714
42 194 23956 27310
107 27 31544 97081
31 125 8521 39357
177 111 9985 11892
14 5 24804 86628
95 57 40088 84129
2 38 1799 95273
162 80 4620 12842
106 74 43489 89211
150 167 15679 62094
11 43 44791 73589
95 176 13711 16194
184 122 30386 57477
111 101 42776 48536
133 177 33590 72139
78 152 2316 6268
30 96 2793 79508
138 49 3831 13935
63 52 12446 88417
125 45 21635 59183
106 30 8244 69095
19 49 43449 69592
152 59 14854 32620
107 127 9168 48526
131 185 7433 49840
36 56 40561 47191
53 173 14550 50594
91 51 39712 47331
94 101 47238 88985
149 136 6120 89448
69 154 34346 68247
150 173 8294 13157
158 196 26545 68625
4 15 6237 21857
139 2 13888 15357
165 98 5955 26387
135 88 26031 31237
40 5 10989 51403
178 159 7318 11221
183 158 4260 28363
190 145 25053 45547
32 135 38991 84763
191 2 27945 79595
191 172 35115 42504
119 121 43883 54031
115 113 13589 19948
57 46 11641 56485
132 47 1522 50631
48 177 34238 95819
149 122 49910 88800
83 158 783 7654
78 37 6810 32883
59 37 31326 62952
149 51 2443 25582
96 18 12739 39349
64 131 46911 90301
108 119 27526 47501
192 52 9062 18469
162 123 43591 87226
96 193 1690 1694
43 27 34291 84952
44 53 31707 73069
170 42 8822 65839
1 30 3270 77825
144 80 26641 29977
139 17 2978 36622
161 116 5615 9381
142 85 31708 46046
137 114 15927 22044
35 165 41373 47265
148 29 2724 84589
82 79 3398 23693
171 45 3264 60360
129 157 36665 93601
23 197 12785 17688
113 152 1065 21729
168 135 12725 26613
44 160 19184 78834
123 196 11 108
152 61 14322 43268
9 155 40121 88182
58 63 42272 46723
47 64 4334 5775
83 189 26170 48665
66 100 6816 13449
39 151 338 39968
76 176 12446 16812
49 69 1571 90720
60 56 154 290
41 172 16379 38574
176 40 37776 73956
27 3 8621 17683
153 51 14008 14074
178 85 31326 32085
149 150 2758 98224
176 35 22065 99413
20 53 26978 29788
109 115 12064 72585
90 11 9572 58266
180 170 23205 67222
42 34 11179 33177
142 77 22821 30447
34 22 8056 12351
86 170 20425 99450
115 110 13006 24539
174 28 3675 30462
161 173 6510 62797
76 38 12193 38543
81 30 5171 44552
52 102 33289 53064
24 66 8844 20066
175 4 30246 49189
32 50 43912 45691
42 3 21059 29307
76 6 41611 58939
42 171 33345 98392
37 195 4889 6599
36 22 27101 95870
111 44 39051 71704
52 138 4293 68821
140 80 12203 52683
14 110 952 92208
122 63 1061 14346
58 144 5093 70563
117 32 47379 82193
135 33 38155 60011
78 150 536 2634
104 47 1512 61821
150 44 3824 48864
106 161 12673 24182
56 96 24372 96959
127 103 35825 38103
191 145 42225 60291
56 194 9228 53223
57 173 36321 79671
81 177 32737 82643
24 2 20082 23460
56 114 4390 36606
197 184 17255 42290
161 15 23049 40457
44 65 10451 25203
195 169 9837 57326
57 149 2629 5790
50 198 3496 38382
3 131 2964 5143
147 67 37507 77677
163 71 16116 22657
137 145 6331 90715
113 41 36922 82519
190 191 14423 18258
150 60 35692 75653
56 199 12532 76511
58 143 4500 47016
135 131 5591 61002
48 138 1962 50287
20 200 12251 16354
73 95 862 66351
85 160 47586 52984
77 27 7259 8035
110 44 33478 73082
176 16 15089 25008
159 7 29827 43419
120 38 39270 44796
128 68 630 72768
81 4 18465 51589
189 160 8885 13453
186 39 11387 13156
83 37 1794 2772
4 131 2914 91986
89 4 10808 31159
194 106 18951 21282
126 49 22406 76551
52 139 37592 57222
50 74 1635 74608
113 163 3995 87282
151 5 15307 75404
20 176 2555 19145
184 90 35265 74388
162 113 12312 95665
118 68 10940 56803
59 4 12348 31613
39 77 25081 28533
76 74 20515 50542
15 113 217 491
195 74 40382 48600
91 161 28107 72894
54 185 18219 61782
155 172 9440 74695
43 166 6421 44675
191 168 4122 10385
32 75 30226 78467
101 66 15100 21807
179 52 7155 52249
167 175 32571 43333
38 133 29432 73057
54 192 24389 45650
149 82 18120 23265
33 66 5106 5459
69 60 24835 85317
55 97 40644 66466
67 55 2275 40528
87 129 41092 86454
121 55 9221 87130
136 147 14100 49835
63 19 514 39460
133 80 30049 70285
119 67 30985 73916
121 44 22959 99707
172 112 3444 64051
167 132 24454 62664
30 51 1269 36848
21 59 40154 64918
154 5 27955 54823
77 141 17071 35821
77 93 37184 92387
4 111 39406 56047
106 165 47570 73289
19 119 34666 92772
11 192 3312 43677
97 15 47603 85433
171 55 21612 25557
190 72 2878 13773
7 176 43806 73191
133 96 15692 17170
65 140 14788 85740
158 102 16202 19332
200 165 12034 27982
19 138 27366 77768
18 109 11391 61590
189 148 493 518
166 163 6723 53279
16 10 8948 82756
141 155 47323 99312
76 82 435 860
48 78 35237 65704
20 92 26737 84584
71 89 25745 72139
115 162 11480 80587
76 65 22691 68203
26 110 42167 97990
17 53 16244 89489
135 100 2821 4839
185 57 32178 40837
151 59 16179 32337
55 132 7718 13354
50 170 10059 18049
14 135 13894 30189
145 141 11657 15817
197 53 27494 94288
104 116 38994 69527
116 192 9883 30129
113 177 7414 22454
63 42 38787 41081
111 25 2880 81622
106 18 42993 59532
182 167 28661 63826
112 105 7950 50845
93 117 23633 31124
83 107 13573 22570
140 9 31397 96160
179 43 23306 24389
159 131 18547 28534
187 178 5176 79972
44 12 29489 75220
140 54 1510 74595
169 183 47508 61142
143 101 3113 28904
143 44 13248 59362
131 51 4177 14142
180 65 39965 46092
80 136 21052 97032
105 170 34873 77481
104 174 33399 98732
74 187 7968 93919
182 80 5867 37568
14 32 1068 2710
100 141 42732 73945
55 49 28887 51593
121 97 5725 33860
95 85 10565 99943
52 77 8019 80197
127 148 42379 89268
144 34 2695 16410
43 110 19987 68146
193 89 10863 45458
137 50 85 1485
98 144 13368 24214
61 31 4057 86784
2 110 48269 62356
54 98 22096 82504
34 103 1656 21089
101 26 14137 83645
187 94 6352 65832
190 11 12250 46859
193 43 20948 21506
104 61 40192 54615
159 20 13442 14241
116 151 27549 78966
32 188 13370 67241
81 24 21670 69721
34 179 10426 89119
173 24 1445 16772
84 138 3111 5668
157 60 4672 19560
10 126 34812 47773
132 116 9853 12918
84 135 32666 45933
134 123 45107 52143
99 66 2831 10583
3 2 7760 60328
61 88 21870 77983
165 107 27333 31683
22 200 34624 38562
11 193 26367 76400
110 133 13604 91289
39 139 43113 48870
183 34 40318 75191
55 155 27337 48776
2 198 163 25640
25 100 9024 49007
92 158 47953 76153
132 26 38826 40054
49 27 1648 30908
53 19 16428 92405
108 6 34099 85577
199 127 20042 50940
85 93 43127 67995
86 103 44217 56207
128 12 21328 96173
111 3 16315 65881
173 85 25232 82743
91 71 9036 9331
89 164 37125 62922
56 68 41093 80251
170 10 530 1661
173 185 10363 87177
16 39 23497 99717
154 90 1248 81781
70 3 40434 47185
83 74 39557 74857
150 64 7217 36824
162 16 5704 12194
153 170 2424 32897
161 165 20066 75816
171 182 12901 40929
27 164 910 20181
120 130 10295 74298
82 5 6595 56640
173 34 29325 95481
155 129 15075 15292
180 147 43844 65056
85 4 19017 73868
82 180 47921 58493
127 65 31159 66754
141 61 20432 75887
77 98 4453 20150
28 127 24664 66758
83 25 13121 93681
12 179 19805 34808
110 100 11073 27165
116 71 24256 70146
131 32 3385 11040
163 82 43391 58011
132 113 1511 3844
39 153 18527 47774
193 188 44801 82032
32 94 21949 54452
81 120 10827 82219
200 168 10483 64915
80 110 25518 83593
62 166 15990 72391
20 183 191 15178
96 139 14419 31909
58 79 7771 40755
102 184 24797 35488
151 154 24830 82735
63 127 40276 66699
44 89 4283 6265
24 194 31358 74418
48 167 16305 93593
46 99 208 17441
15 94 6202 15007
98 157 6391 49607
138 21 21877 30510
48 153 23156 26077
168 100 21981 34858
58 164 1352 2201
130 146 19991 39962
199 10 35357 66599
193 140 17640 55391
104 11 8409 45367
99 176 24852 98524
33 5 18048 36997
180 192 5807 27051
154 49 2214 2438
96 103 3926 77541
58 85 10208 13017
125 60 35780 88515
23 34 6241 35340
9 15 11377 15572
19 120 23150 74786
64 36 44217 90231
36 69 2779 12736
160 180 41528 43713
28 189 39494 69836
168 58 35907 89727
121 54 595 1128
41 36 4256 10453
4 41 3292 84939
123 62 5890 9919
193 31 15220 18210
19 45 18986 95266
44 136 8658 48279
189 159 2320 2607
69 152 3304 23468
43 143 25514 91773
177 165 9706 29144
183 2 44636 82900
193 144 6047 30971
59 159 46817 62982
72 157 40420 67815
184 84 565 2723
195 118 3767 93994
31 170 2462 16683
155 19 1897 3240
125 165 4547 6635
158 121 28829 97662
77 28 9660 35600
111 122 33920 47311
191 56 16821 95023
25 58 20332 72499
76 138 9436 11620
29 96 1215 79260
143 199 7300 68412
119 73 29563 36128
52 79 43515 81654
152 117 10727 34771
172 146 8769 48915
3 13 17470 21032
103 51 41731 84973
99 184 8045 9298
92 52 36171 60133
46 184 18959 24249
98 200 2669 79168
142 91 25483 48814
21 22 5355 10645
25 170 19515 41006
153 103 47887 58515
163 6 3067 3738
176 136 13654 28878
187 128 35306 85975
196 69 109 148
77 139 5113 20328
160 124 11248 18124
93 81 34250 37258
135 172 6781 32436
177 125 32704 90991
127 198 10870 49347
55 94 32755 72722
6 198 14001 32093
198 4 9121 62809
140 101 26749 84601
50 87 16300 22521
183 49 4337 7962
97 31 43661 47371
84 177 25579 36689
131 94 11175 93754
179 152 21984 45531
39 177 5241 61770
63 90 5348 10677
91 38 2579 37122
11 170 15133 64625
109 53 24192 67817
98 123 14028 85366
74 96 21119 24166
117 157 412 425
197 88 1033 28328
85 18 8358 90015
12 25 40189 51328
91 78 27516 97773
173 138 4762 16765
94 189 39042 51128
28 7 43112 94067
25 81 27188 51470
57 197 16301 33728
88 128 7488 15485
97 197 13854 36727
74 51 8198 66703
189 19 5609 31639
7 118 9995 22876
77 94 29253 64698
126 167 41934 56440
115 120 22652 23050
136 95 10015 95282
34 155 22288 60865
105 5 18495 72106
39 64 12881 17613
50 41 9018 22711
66 84 9581 64721
3 170 46802 63534
7 22 34449 46848
36 33 1862 16595
57 177 2687 5594
64 42 36374 84798
189 90 28055 92809
173 81 26728 53987
50 120 20656 73529
141 128 1176 91296
180 80 31988 94989
9 134 12049 72586
91 49 25044 40442
37 54 4693 5662
133 63 6461 60142
140 166 23150 32010
56 141 31196 78932
128 140 47833 48130
140 172 41181 80761
12 134 11892 51763
115 199 23528 68097
173 29 25867 57190
41 60 33381 90349
25 110 25232 48432
51 163 16930 57227
126 43 42440 94641
86 107 33326 49191
35 163 9576 51363
29 156 31129 87435
184 111 39661 50823
105 63 10191 82100
121 90 10355 60525
5 39 20633 86283
146 69 43785 68114
80 104 36025 99856
96 41 30277 45597
79 29 30814 75885
74 196 18926 88521
186 41 31262 50215
148 171 25830 75852
98 117 15929 55782
20 189 3165 18306
29 102 37108 91283
168 97 11521 23672
90 38 15165 19566
9 169 19526 26018
166 67 2860 4280
148 51 8853 67888
117 69 41751 89106
176 188 2416 8918
160 94 19879 98346
183 80 1825 12255
68 15 5633 5868
178 34 9154 12055
11 124 11109 27806
77 119 48946 95851
167 162 8472 34440
40 182 1453 5281
13 87 7680 70321
125 122 12109 21238
76 48 6601 22885
147 42 47465 56300
128 194 17856 24824
167 36 35827 36246
67 146 22934 87379
175 103 5564 62807
64 82 45548 74611
163 136 29106 66775
48 54 16166 76224
41 70 2707 11005
167 183 14894 58392
85 198 46948 70457
47 146 12668 19707
94 150 3175 7288
156 70 42755 54647
91 124 6610 65973
106 164 8943 71503
114 111 3985 5890
82 89 5789 55842
110 92 44355 91136
194 176 13149 75137
45 135 6672 55903
26 62 38491 94697
173 139 4124 9587
27 28 21088 80394
120 82 29865 65442
57 131 1228 9365
17 19 12773 93124
192 62 13889 98524
124 131 42749 99644
40 117 7638 11278
54 68 41164 46743
141 5 13305 85467
123 133 3394 34008
146 131 30269 87955
13 150 28157 73017
25 119 39299 77786
174 191 48317 87566
118 71 4126 91711
105 185 264 55210
50 155 31356 99146
23 159 22592 85305
151 92 14408 25864
190 189 23863 37726
57 192 1661 55420
198 89 48660 96683
3 46 41459 46578
1 153 28058 51259
3 94 20218 73168
51 34 5200 90475
122 158 1128 3860
111 51 5264 33252
151 53 25961 62544
110 87 8872 10638
133 157 172 2281
66 38 14052 43972
52 174 11927 70914
174 187 33985 65436
74 84 22936 72191
128 37 7117 31447
197 108 39186 83158
155 8 15318 18840
39 92 1196 2252
161 164 471 32240
145 27 4092 46361
98 6 11220 97743
47 37 11153 97422
44 14 49883 54831
